,vmId,tenantId,vmTypeId,priority,starttime,endtime
296684,2658901,685817,177,0,0.3546296297572553,0.38526101829484105
296685,2866322,809546,97,0,0.750162037089467,0.7778017707169056
296686,467015,92118,64,0,0.2517245369963348,0.25554520823061466
296687,364705,77996,195,0,0.9578472222201526,1.538182650692761
296688,5282323,1581570,97,1,0.8463888890109956,2.5043512964621186
296689,2569011,669169,120,0,0.5651736110448837,0.6830352544784546
296690,7037922,2492390,122,0,0.6372222220525146,0.638356423471123
296691,2102006,475307,20,0,0.5142824072390795,0.5870600580237806
296692,5242482,1559651,119,0,0.2716319444589317,0.2772795371711254
296693,1805987,336907,48,0,0.25656249979510903,30.905466191936284
296694,1799461,334504,8,0,0.8987037036567926,0.9736565854400396
296695,208084,27712,122,0,0.3475347221828997,0.34867312479764223
296696,4440056,1283621,65,0,0.502222222276032,0.5144960647448897
296697,5518102,1667926,136,0,0.6671527777798474,0.6724373148754239
296698,291625,51180,43,0,0.253194444347173,0.9891138542443514
296699,539256,104512,136,0,0.8458796297200024,0.8521024188958108
296700,5833907,1939062,42,0,0.9058564812876284,2.2803337615914643
296701,7030018,2485328,67,1,0.3208449073135853,0.5406916895881295
296702,6923300,2462701,97,1,0.6721412036567926,0.695152257103473
296703,2109154,478526,20,0,0.7571643516421318,0.8297492824494839
296704,2107025,477577,65,0,0.9683101852424443,0.9789582290686667
296705,4433775,1280859,65,0,0.2183912037871778,0.23003461817279458
296706,2862458,808063,136,0,0.18930555554106832,0.1923314700834453
296707,2108966,478435,16,0,0.07369212945923209,0.07661025458946824
296708,3674716,1080883,65,0,0.14112268527969718,0.3889098148792982
296709,2103606,476085,64,0,0.9178703702054918,0.9520922801457345
296710,6296684,2071720,66,0,0.9033912038430572,0.9218633566051722
296711,2858809,806278,16,0,0.9219907405786216,0.9890167941339314
296712,409454,85456,66,0,0.5461226850748062,0.7121808100491762
296713,3758240,1099489,64,1,0.49581018509343266,0.4983804514631629
296714,2856205,805359,65,0,0.30621527787297964,0.31378930574283004
296715,4392719,1266524,97,1,0.4093402777798474,2.2271112385205925
296716,5188493,1549199,42,0,0.3747569443657994,0.3755339006893337
296717,2107386,477677,16,0,0.7518518520519137,0.8050722107291222
296718,5521622,1671311,66,0,0.4542824071832001,0.4979375693947077
296719,1350724,238202,42,1,0.6799189816229045,1.1922272336669266
296720,1778979,327783,120,0,0.03858796274289489,0.25388668989762664
296721,4356103,1235565,276,0,0.011828703805804253,0.01184442127123475
296722,5342044,1602716,42,0,0.1521412036381662,0.15445884270593524
296723,467230,92172,64,0,0.25188657408580184,0.26569334510713816
296724,5289483,1582606,64,0,0.7916087964549661,0.8022209606133401
296725,5244812,1560919,112,0,0.6934953704476357,0.7052867244929075
296726,2839060,798153,67,1,0.3735532406717539,2.26400954881683
296727,5156891,1537758,42,0,0.8915393520146608,0.8927013888023794
296728,407583,84723,67,0,0.3685532407835126,1.1965924655087292
296729,3765853,1101233,65,0,0.28533564833924174,0.30111350677907467
296730,6984411,2468311,44,0,0.03658564807847142,0.038145184982568026
296731,291554,52007,42,0,0.772175925783813,1.8271837383508682
296732,2653153,680970,73,0,0.5005555553361773,0.545318796299398
296733,2872744,811978,66,0,0.9171180557459593,0.9496406018733978
296734,545153,106518,66,0,0.12196759274229407,0.13283767364919186
296735,1357653,238362,122,0,0.43762731458991766,0.4689895948395133
296736,1755589,309661,276,0,0.8992592594586313,0.9163432638160884
296737,5106973,1526591,122,0,0.22302083345130086,0.23082061344757676
296738,5833956,1940599,42,0,0.5316203702241182,0.659317106474191
296739,3740741,1095534,68,0,0.7640509260818362,0.8027656944468617
296740,4411506,1271045,66,0,0.6253240741789341,1.0843804976902902
296741,1352154,238248,44,1,0.9018518519587815,1.051411007065326
296742,2027493,459842,67,1,0.8782523148693144,0.887541551142931
296743,3694002,1085206,64,0,0.5864583333022892,0.7016162038780749
296744,1757053,311121,274,0,0.87609953712672,0.885739803314209
296745,6282391,2062972,42,0,0.911979166790843,1.0806788890622556
296746,1357757,232433,42,0,0.056759259197860956,0.06161224516108632
296747,2653982,681627,63,1,0.8463657405227423,0.9636054281145334
296748,6557005,2239590,42,0,0.7054050927981734,36.05173531267792
296749,5106087,1527582,63,1,0.3037962964735925,1.5200775694102049
296750,4443984,1266908,64,0,0.009328703861683607,0.02347454847767949
296751,2875564,813030,68,0,0.3146643517538905,0.36602636566385627
296752,120554,23652,44,0,0.1751504628919065,0.2182339122518897
296753,6460961,2209174,67,1,0.4350925926119089,2.264016863424331
296754,4446909,1286363,97,0,0.29596064798533916,0.3769303010776639
296755,209325,27765,122,0,0.103796296287328,0.10503164352849126
296756,2809669,791129,67,1,0.6626273146830499,0.7352350000292063
296757,484801,94773,97,0,0.792395833414048,0.8260642825625837
296758,1299676,232471,44,1,0.8027662038803101,1.229014293756336
296759,4437466,1282390,67,1,0.1668287036009133,0.1706144791096449
296760,3672866,1080570,65,0,0.48400462977588177,0.48734469898045063
296761,144454,23695,42,0,0.10806712973862886,0.11134317144751549
296762,3755015,1098786,66,1,0.13082175934687257,0.13090259255841374
296763,3639958,1077597,67,0,0.04085648152977228,0.23176245391368866
296764,2884849,816323,66,0,0.9936342593282461,1.051254722289741
296765,3570501,1051793,201,0,0.19055555574595928,0.4380499538965523
296766,6461300,2209166,97,1,0.15153935179114342,0.803989467676729
296767,1356624,238366,41,0,0.9009953704662621,0.9109414466656744
296768,5819606,1938229,43,0,0.9915740741416812,0.9955381597392261
296769,2027487,459842,67,1,0.8782523148693144,0.8875415395013988
296770,5833543,1940529,44,0,0.41678240755572915,0.48759798612445593
296771,1351538,238233,44,1,0.8046643519774079,1.0540454629808664
296772,5288050,1582035,66,0,0.7082754629664123,0.743429965339601
296773,415944,86901,64,0,0.671724536921829,0.7016527429223061
296774,1549573,248978,194,0,0.8678935184143484,0.8729261113330722
296775,4457908,1291457,66,0,0.44085648143664,0.44111170154064894
296776,2102167,475387,16,0,0.44890046305954456,0.47846401622518897
296777,5468409,1639999,195,0,0.9749652775935829,1.5973068866878748
296778,5046529,1506385,155,0,0.6101157409138978,0.677023715339601
296779,149456,25276,122,0,0.2835879628546536,0.2941649188287556
296780,6081498,2013459,47,0,0.22440972225740552,15.622376122511923
296781,2873659,812368,65,0,0.8279513888992369,0.8373575927689672
296782,549099,107258,138,0,0.7852893518283963,0.7903182059526443
296783,291794,52053,45,0,0.6671412037685513,0.6750560877844691
296784,1359635,238373,60,0,0.7637268519029021,0.7645657057873905
296785,7285575,2681968,41,0,0.25357638904824853,0.2639490277506411
296786,42074,9130,42,0,0.7983564813621342,0.799041111022234
296787,6085273,2013566,41,0,0.6546064815483987,0.6778574306517839
296788,5925165,1955888,41,0,0.8382060183212161,0.8482639812864363
296789,2848460,802206,64,0,0.6712152776308358,0.7016488192602992
296790,3672325,1072451,64,0,0.8442129627801478,0.865847407374531
296791,5359535,1609345,43,0,0.6933912038803101,0.7127329166978598
296792,6127165,2021029,41,0,0.9739467594772577,1.0192143749445677
296793,39708,9274,123,0,0.4399884259328246,0.4704127316363156
296794,3694795,1085371,64,0,0.628333333414048,0.701669305562973
296795,2577121,670826,125,0,0.8900347221642733,0.9180594095960259
296796,2503384,646467,125,0,0.817118055652827,1.319971446879208
296797,2833182,796041,144,0,0.12512731458991766,0.14561074087396264
296798,2018329,458936,41,0,0.8234606483019888,0.8999344329349697
296799,1362576,232448,158,0,0.0365046295337379,0.03870241902768612
296800,5188067,1549234,195,0,0.8988425927236676,0.9102759836241603
296801,2576520,670826,125,0,0.8066782406531274,0.8346809954382479
296802,3685270,1083213,66,0,0.6667824075557292,0.8863210417330265
296803,7037368,2491844,66,0,0.17427083337679505,0.19998876145109534
296804,292234,52171,122,0,0.36932870373129845,0.3789046877063811
296805,4461385,1293053,140,0,0.37537037022411823,0.3875288078561425
296806,3753753,1087867,136,0,0.9594328701496124,0.9614466899074614
296807,2510207,646475,125,0,0.5675694444216788,1.3230307870544493
296808,2055284,461477,67,1,0.4265856482088566,0.803767129778862
296809,4397131,1268112,66,0,0.3116319444961846,0.34983357647433877
296810,5244477,1560718,201,0,0.6910995370708406,0.938026319257915
296811,5924354,1955726,41,0,0.7963657407090068,0.806581458542496
296812,6053316,1994424,97,1,0.26078703720122576,0.26476571755483747
296813,2103999,476277,64,0,0.8355555557645857,0.8662181366235018
296814,3711469,1088832,16,0,0.9165277779102325,1.0416016899980605
296815,6270701,2059972,41,0,0.3791782408952713,0.38877800945192575
296816,4437254,1278583,67,1,0.16680555557832122,0.1706087035126984
296817,6297252,2072240,65,0,0.9212152776308358,0.9355345368385315
296818,553384,106431,67,1,0.14600694458931684,0.1498470022343099
296819,6131538,2022225,122,0,0.8675694442354143,0.8744828240014613
296820,36679,9059,42,0,0.0850347219966352,0.39138101832941175
296821,540412,105706,64,0,0.8854513890109956,0.9521882408298552
296822,407521,85331,97,1,0.3598495372571051,0.7927509606815875
296823,1962023,444780,116,0,0.7719907406717539,1.1045589465647936
296824,6492260,2232884,41,0,0.6640625,0.6720092012546957
296825,1962309,443717,120,0,0.4664120371453464,0.6834171297959983
296826,1549771,249075,41,0,0.3614930557087064,0.36180293979123235
296827,2832821,794624,97,1,0.08806712972000241,0.22147865733131766
296828,544724,106431,67,1,0.041851851623505354,0.0459589003585279
296829,2098572,473776,16,0,0.4658796298317611,0.46878630807623267
296830,1962179,443716,120,0,0.9031828702427447,1.1166086457669735
296831,5872802,1943934,67,1,0.6866203704848886,2.3313278355635703
296832,206971,27588,125,0,0.6005324074067175,0.6157916784286499
296833,2107266,477677,16,0,0.7462152778171003,0.8050714237615466
296834,408086,84846,43,0,0.4392245369963348,1.3348433217033744
296835,3705047,1086756,138,0,0.06842592591419816,0.09917660895735025
296836,1851415,351968,13,0,0.07064814819023013,1.9707638309337199
296837,6629773,2252588,138,0,0.14520833315327764,0.16150675946846604
296838,5940936,1959178,63,1,0.2179166665300727,2.1478449422866106
296839,121774,23712,122,0,0.7415162036195397,0.7724707177840173
296840,6558062,2240271,122,0,0.7975810184143484,0.804262685123831
296841,2653718,681473,67,0,0.4178356481716037,0.4773130672983825
296842,1962499,444923,112,0,0.7452777777798474,0.769726516213268
296843,6638355,2258755,64,0,0.07182870386168361,0.07901960657909513
296844,2467,798,9,1,0.3047337965108454,1.520042314659804
296845,5977521,1971286,122,0,0.2547916667535901,0.28037229180336
296846,100763,20649,41,0,0.2986689815297723,0.30620854161679745
296847,5524556,1674073,65,0,0.7132175927981734,0.7237277664244175
296848,6635348,2256059,65,0,0.5970254628919065,0.6074966783635318
296849,3684605,1083091,70,0,0.5517708333209157,1.0440519908443093
296850,4437430,1282389,67,1,0.1668287036009133,0.1706129051744938
296851,2510438,646474,125,0,0.5689351852051914,1.3199701621197164
296852,5941090,1959184,63,1,0.40890046302229166,2.227107349317521
296853,559135,108823,67,1,0.4306944445706904,0.43474792828783393
296854,6293381,2068599,65,0,0.1109953704290092,0.13437187485396862
296855,5359495,1608010,112,0,0.7011689813807607,0.7209916086867452
296856,1357583,238351,44,1,0.4591782409697771,0.48995815962553024
296857,2656619,681627,63,1,0.8463657405227423,0.8505879859440029
296858,7285771,2682030,42,0,0.5010532406158745,0.5084059722721577
296859,2514314,647791,67,1,0.4350925926119089,2.264016944449395
296860,5117949,1529944,140,1,0.9114583334885538,1.1929107522591949
296861,1548263,248447,42,0,0.3306018519215286,0.33843711810186505
296862,6923847,2462716,97,1,0.9181828703731298,1.4306720718741417
296863,524671,92039,138,0,0.19843749981373549,0.2424505902454257
296864,4434844,1281366,66,0,0.16100694425404072,0.17503730300813913
296865,5157537,1538107,124,0,0.7339351852424443,0.7409909721463919
296866,7365329,2705172,0,0,0.10435185162350535,0.10466210637241602
296867,7284707,2681628,41,0,0.043587963096797466,0.04850657423958182
296868,4417512,1273895,66,0,0.6145949074998498,0.6353635764680803
296869,2079092,465977,19,0,0.5451967590488493,0.5532172108069062
296870,6549503,2237588,67,1,0.17314814822748303,0.28367650462314487
296871,2858808,806278,16,0,0.9219907405786216,0.9890167941339314
296872,492798,96249,97,0,0.35762731498107314,0.38961578719317913
296873,1856001,355870,6,0,0.08894675923511386,0.1056250692345202
296874,6442358,2203094,42,0,0.13581018522381783,0.14413168979808688
296875,3549628,1042533,42,0,0.2826851853169501,0.28338261554017663
296876,4454967,1290024,65,0,0.33148148143664,0.35562486108392477
296877,3684372,1079188,43,0,0.5149768516421318,0.9721229863353074
296878,389151,83982,97,1,0.08715277770534158,0.35870541678741574
296879,89144,12591,276,0,0.8784027779474854,1.1013775463216007
296880,3605900,1071229,276,0,0.9584375000558794,1.0533079747110605
296881,2765695,768431,67,1,0.2953703701496124,0.2991854166612029
296882,6299670,2074480,65,0,0.38962962944060564,0.395232071634382
296883,2851373,803336,73,0,0.2524768519215286,0.2907397453673184
296884,5039508,1506386,155,0,0.5278009260073304,0.5742643056437373
296885,2097479,473356,138,0,0.1801504627801478,0.3841258566826582
296886,2027856,459844,97,1,0.9055092590861022,2.504267720039934
296887,3718800,1090570,65,0,0.3715856480412185,0.3789045484736562
296888,5511801,1662528,65,0,0.5950694442726672,0.9621354280970991
296889,6125193,2020883,64,0,0.5731365741230547,1.1673754747025669
296890,7277770,2678653,119,0,0.28123842598870397,
296891,2017120,458843,42,0,0.9508564816787839,8.690018564928323
296892,364803,77922,43,0,0.267997685354203,0.2812918983399868
296893,6016954,1994509,22,0,0.14711805572733283,0.7757498496212065
296894,2854721,804722,66,0,0.8767013889737427,0.9441213309764862
296895,1940195,431031,67,1,0.4346296298317611,0.4383312384597957
296896,6811342,2415193,97,1,0.11437499988824129,1.430604896042496
296897,5118906,1530684,66,1,0.7266319445334375,0.7331621064804494
296898,489551,95531,79,0,0.32702546287328005,0.38656052062287927
296899,2861576,807761,64,0,0.5878587961196899,0.6207778356038034
296900,342517,63749,200,0,0.10077546304091811,0.10776789346709847
296901,545017,106484,97,0,0.086909722071141,0.14172475691884756
296902,547710,107010,171,0,0.2934606480412185,0.3468816550448537
296903,5998181,1976916,276,1,0.40093749994412065,0.4083313657902181
296904,4414645,1272563,64,0,0.8871064814738929,0.9521361920051277
296905,1854895,354923,6,0,0.16385416686534882,0.18056189827620983
296906,342500,63735,138,0,0.8283101851120591,0.8396554165519774
296907,7244674,2660117,112,0,0.34650462958961725,0.3566229627467692
296908,6992824,2468682,42,0,0.9276967593468726,0.9326531714759767
296909,5924257,1955712,41,0,0.5247800927609205,0.5347649999894202
296910,1757542,309502,276,0,0.6091203703545034,0.6864030323922634
296911,6640585,2260863,65,0,0.651770833414048,0.6563981482759118
296912,7001516,2470964,112,0,0.8053819444030523,0.8363075349479914
296913,7398680,2719324,64,0,0.588032407220453,0.6207685531117022
296914,3722084,1091342,64,0,0.5029861112125218,0.6207269099541008
296915,1773382,326940,44,0,0.8031481481157243,0.8253951389342546
296916,2098191,473590,17,0,0.11310185166075826,0.11964214127510786
296917,5524349,1673867,65,0,0.16012731473892927,0.16941063664853573
296918,2878800,814314,16,0,0.8966898149810731,0.9105106713250279
296919,3692521,1084845,64,0,0.42062499979510903,0.7017035530880094
296920,1826313,342671,112,0,0.9811226851306856,1.0430591898038983
296921,1299855,232474,44,1,0.8046527779661119,0.8933998728170991
296922,7396989,2718763,64,0,0.504618055652827,0.6207600114867091
296923,4434821,1281354,64,0,0.5301967593841255,0.5309682753868401
296924,2447767,632995,113,0,0.8422222221270204,3.290259698871523
296925,1779355,328639,41,0,0.3770601851865649,0.37988083343952894
296926,3768778,1101953,65,0,0.9516435186378658,0.9631670950911939
296927,6637317,2257806,66,0,0.5336574073880911,1.0895932060666382
296928,4414351,1266310,122,0,0.875138889066875,46.52604766190052
296929,537807,105384,136,0,0.843912037089467,0.8552708909846842
296930,2101596,475104,64,0,0.08482638886198401,0.09678089106455445
296931,2578845,670828,9,1,0.9052314814180136,0.9070131597109139
296932,6443131,2203914,41,0,0.5456597222946584,0.555441562552005
296933,6276540,2060739,6,0,0.36687499983236194,1.3719043056480587
296934,485709,85430,63,1,0.7930787038058043,
296935,1986304,452176,42,0,0.6901041665114462,0.7174738543108106
296936,4451882,1288575,65,0,0.3477430557832122,0.3780364003032446
296937,206284,27521,97,1,0.5964120370335877,0.6954429745674133
296938,472501,84379,138,0,0.728796296287328,0.7698101387359202
296939,6851649,2436649,42,0,0.7912384257651865,0.7922451389022171
296940,6270987,2058552,42,0,0.7865393520332873,0.7893003239296377
296941,1664127,295136,41,0,0.12971064820885658,0.13374560186639428
296942,4418373,1274320,136,0,0.24979166686534882,0.26227407390251756
296943,2867815,810165,66,0,0.3735648146830499,0.37391526624560356
296944,3732972,1093810,64,0,0.4245717590674758,0.5356329744681716
296945,4412666,1271603,65,0,0.7865162035450339,0.797691180370748
296946,4439492,1283342,95,0,0.45277777779847383,0.5125209488905966
296947,6628362,2251408,66,0,0.8103819442912936,0.8244288889691234
296948,7338715,2698071,42,0,0.426493055652827,0.4302730904892087
296949,5872831,1943936,67,1,0.6993055557832122,2.331423229072243
296950,3724122,1086257,138,0,0.7831828705966473,0.8103572800755501
296951,4445163,1285649,65,0,0.223217592574656,0.23705667816102505
296952,531855,104418,136,0,0.8487268518656492,0.8547835531644523
296953,2660926,681627,63,1,0.8463657405227423,0.8474601502530277
296954,2097499,473356,138,0,0.1801504627801478,0.384126007091254
296955,6289741,2065676,64,0,0.08260416658595204,0.1238103355281055
296956,2580340,670808,125,0,0.03486111108213663,0.09080491913482547
296957,6850683,2436505,122,0,0.7859259257093072,0.8714939351193607
296958,4435941,1281875,136,0,0.4607175923883915,0.46225111093372107
296959,2096944,473131,64,0,0.05041666654869914,0.2516081826761365
296960,4459987,1266909,64,0,0.7037731483578682,0.7160361343994737
296961,4416492,1273460,96,0,0.6532175927422941,0.7000291086733341
296962,409087,85437,169,0,0.5413657408207655,2.5026798145845532
296963,19903,6407,42,0,0.22730324091389775,0.504194722045213
296964,2576882,670826,125,0,0.6816898146644235,0.7027506828308105
296965,6635914,2256549,65,0,0.9339004629291594,0.9440540508367121
296966,2103285,475927,136,0,0.9508101851679385,1.0042514582164586
296967,5143350,1535821,43,0,0.9209606479853392,8.669831087812781
296968,5468047,1635590,112,0,0.030462963040918112,0.06814541667699814
296969,2841792,799348,97,0,0.8051620372571051,0.9255485646426678
296970,5469209,1640357,195,0,0.9291319446638227,0.9346449999138713
296971,7038488,2492894,64,0,0.5014699073508382,0.5052617015317082
296972,6016037,1994294,22,0,0.0012615742161870003,0.647474629804492
296973,531599,104413,136,0,0.848356481641531,0.8517916668206453
296974,7397274,2718856,64,0,0.5466550923883915,0.6207096413709223
296975,526016,103221,138,0,0.21730324067175388,0.3129978124052286
296976,151853,25325,41,0,0.9006944443099201,0.9107648264616728
296977,3757018,1086890,138,0,0.9331249999813735,0.9861918170936406
296978,7000445,2470911,42,0,0.08843749994412065,0.09543997701257467
296979,5924252,1955712,41,0,0.5247800927609205,0.5347648728638887
296980,7235137,2655617,112,0,0.6309490739367902,0.6375599191524088
296981,5819275,1938174,44,0,0.7074074074625969,0.7138761691749096
296982,153229,25281,41,0,0.3164930557832122,0.3264603242278099
296983,6296640,2071678,65,0,0.7951041664928198,0.8157493169419467
296984,5127482,1531968,123,0,0.015902777668088675,0.02122857654467225
296985,100760,20649,41,0,0.41403935197740793,0.4292376968078315
296986,6016742,1994424,97,1,0.2927777776494622,0.2965088887140155
296987,3732399,1093667,64,0,0.41937500005587935,0.5355857987888157
296988,5921273,1954640,41,0,0.7521643517538905,0.7563118864782155
296989,2077816,465547,65,0,0.4261689814738929,0.4367124419659376
296990,2806061,789687,66,0,0.8350231479853392,0.9351478819735348
296991,543943,86391,67,1,0.664212963078171,0.6643043169751763
296992,5514720,1664960,66,0,0.8635763889178634,0.9163069790229201
296993,6628666,2251613,65,0,0.5462847221642733,0.5785512384027243
296994,39074,9254,41,0,0.024849536828696728,0.03478240733966231
296995,1855683,355637,6,0,0.3106249999254942,0.33247397001832724
296996,6492559,2233476,41,0,0.8589236112311482,0.8727699997834861
296997,6641441,2261701,65,0,0.6771990740671754,0.6907877894118428
296998,5520542,1670292,64,0,0.0645138886757195,0.0658213309943676
296999,6872071,2442852,67,1,0.0624652779661119,0.0665956367738545
297000,524385,85245,67,1,0.19594907388091087,0.21000311337411404
297001,151461,25318,41,0,0.4203356481157243,0.4304374768398702
297002,406706,85312,67,1,0.3178935186006129,1.354298321530223
297003,1355529,238356,44,1,0.4623148147948086,0.5109992129728198
297004,2869013,810730,65,0,0.4395254631526768,0.46606540493667126
297005,6022393,1996201,22,0,0.7904398147948086,0.9977446873672307
297006,497669,97320,66,0,0.542280092369765,0.5537003702484071
297007,1530718,242132,41,0,0.8173958333209157,0.8276429511606693
297008,7277415,2678569,45,0,0.08944444451481104,0.15776805533096194
297009,4449528,1287457,65,0,0.896203703712672,0.9011895484291017
297010,5243360,1560112,201,0,0.4418981480412185,0.6880654860287905
297011,205400,27474,44,1,0.7636574073694646,0.7698585530743003
297012,6297140,2072128,138,0,0.342627314850688,0.37826704839244485
297013,408328,85341,97,1,0.4637731481343508,0.7927507869899273
297014,3708377,1072451,64,0,0.4457407407462597,0.46813344908878207
297015,1607067,264811,42,0,0.5164120369590819,0.523991446942091
297016,4439501,1283346,68,0,0.4556365739554167,0.5074539468623698
297017,517519,101584,42,0,0.39168981462717056,0.3928230903111398
297018,6984148,2468296,44,0,0.6612152778543532,0.7314748610369861
297019,5997090,1975826,274,0,0.6489583333022892,0.6982901506125927
297020,206753,27583,44,1,0.4611226851120591,0.5110048493370414
297021,6869222,2441426,65,0,0.0966666666790843,0.09770312486216426
297022,3739015,1095120,65,0,0.20750000001862645,0.24666928220540285
297023,5909423,1950362,122,0,0.24166666669771075,0.26693959487602115
297024,6276718,2060783,9,1,0.4628356480970979,2.229268691968173
297025,209483,27352,44,1,0.4626736110076308,0.48985945619642735
297026,2839707,798402,67,0,0.49753472208976746,7.484720381908119
297027,4445816,1285973,65,0,0.7371412036009133,0.7442438891157508
297028,100605,20651,193,0,0.9056712961755693,0.9375869790092111
297029,6021702,1996126,63,1,0.30643518501892686,1.520045405253768
297030,5243188,1560030,116,0,0.9767476851120591,4.669467372819781
297031,7420324,2726335,174,0,0.20883101830258965,0.23772141197696328
297032,1855859,355765,6,0,0.9849768518470228,1.0232194792479277
297033,4451296,1288317,136,0,0.9812500001862645,1.270412731450051
297034,538107,105386,136,0,0.8439236111007631,0.855277928058058
297035,520691,102177,97,0,0.3867708332836628,0.4759227545000613
297036,5805202,1934608,63,1,0.2162962961010635,1.5199972451664507
297037,2644396,676743,41,0,0.7443287037312984,0.7451453702524304
297038,5833722,1940563,43,0,0.2965972223319113,0.31217603012919426
297039,6083855,2013567,41,0,0.8567939815111458,0.8726516896858811
297040,3698984,1086257,138,0,0.7831828705966473,0.8171976390294731
297041,6811582,2413649,155,0,0.1772337961010635,0.5857111923396587
297042,543772,106339,67,1,0.6641666665673256,0.6683125463314354
297043,5467516,1639557,116,0,0.08462962973862886,0.0918972915969789
297044,2662162,688529,64,0,0.42092592595145106,0.4326094789430499
297045,2838375,789264,64,0,0.5203819442540407,0.5313118053600192
297046,2110968,479409,64,0,0.08457175921648741,0.09682354144752026
297047,3752474,1074096,64,0,0.032986111007630825,0.04606403922662139
297048,6295238,2070334,65,0,0.7138657406903803,0.7270715511403978
297049,1299617,232471,44,1,0.8027662038803101,1.229014282580465
297050,7331447,2698019,122,0,0.5497222221456468,1.0720816780813038
297051,6270186,2058522,42,0,0.20842592604458332,0.20942343771457672
297052,2551179,666210,123,0,0.8746759258210659,1.1800806946121156
297053,5380416,1611708,136,0,0.09722222201526165,0.10874685179442167
297054,115480,23423,136,0,0.830208333209157,2.4147935300134122
297055,4447046,1286432,96,1,0.5837384257465601,0.6192662385292351
297056,2834541,796566,67,0,0.3265046295709908,0.35137839103117585
297057,6850439,2436264,42,0,0.3743865741416812,0.3775209723971784
297058,6299464,2074276,65,0,0.816967592574656,0.8223453587852418
297059,513478,100727,64,0,0.41915509244427085,0.5356025462970138
297060,5503949,1656141,68,0,0.2607986112125218,0.5076647223904729
297061,5833278,1940486,67,1,0.4282754631713033,2.264008900616318
297062,2102896,475742,17,0,0.8004166665486991,1.0707316203042865
297063,153205,25281,41,0,0.3164930557832122,0.3264587498269975
297064,1823844,342305,112,0,0.7358449073508382,0.7697472684085369
297065,2109477,478681,19,0,0.34689814830198884,0.35357913188636303
297066,2511015,646462,125,0,0.5688425926491618,0.6480303588323295
297067,3694306,1085282,64,0,0.5908796298317611,0.7016786341555417
297068,516388,94319,138,0,0.10857638902962208,0.16176108783110976
297069,6638051,2258495,67,0,0.47165509266778827,0.7513292361982167
297070,2860788,807378,66,0,0.5148263890296221,0.5364908333867788
297071,4356152,1235394,0,1,0.7623495371080935,0.7631753473542631
297072,2856684,805579,140,0,0.2922222223132849,0.33247538190335035
297073,4450464,1287912,66,0,0.8718981482088566,0.8781512267887592
297074,3684334,1079194,43,0,0.51452546287328,0.9720610417425632
297075,5504308,1656449,96,0,0.6322222221642733,0.6767893289215863
297076,2078281,465658,20,0,0.5035300925374031,0.5642017591744661
297077,5117285,1529677,67,1,0.17622685199603438,1.3348551853559911
297078,6083274,2013566,41,0,0.8568634260445833,0.8778435187414289
297079,1709333,303301,67,1,0.32192129641771317,1.3798658913001418
297080,547403,85289,67,1,0.28936342615634203,0.2988003008067608
297081,151375,25318,41,0,0.4203356481157243,0.4304370949976146
297082,1674279,297191,42,0,0.45487268501892686,0.46118379617109895
297083,537403,85430,63,1,0.7930787038058043,0.7934156134724617
297084,6923419,2462703,97,1,0.6752662034705281,0.7122790855355561
297085,1548912,248704,119,0,0.34398148162290454,0.3520677895285189
297086,6492610,2233548,41,0,0.8591898148879409,0.8725862614810467
297087,7001043,2470964,112,0,0.8053819444030523,0.8363025579601526
297088,2835688,794624,97,1,0.08806712972000241,0.08849511574953794
297089,5511505,1662357,67,1,0.4078240739181638,1.5177789465524256
297090,2510723,646473,125,0,0.8198842592537403,1.3222709954716265
297091,2829968,794937,97,0,0.16023148130625486,1.1759889465756714
297092,2848942,789417,64,0,0.6471527777612209,0.6614858102984726
297093,7284240,2681435,112,0,0.755578703712672,0.7661640858277678
297094,5282080,1581552,63,1,0.9178125001490116,0.9181902431882918
297095,209930,27850,125,0,0.6818402777425945,0.6957041318528354
297096,144790,23659,41,0,0.6868518516421318,0.6944026853889227
297097,6502723,2234866,97,1,0.1752546294592321,0.17914347210898995
297098,4417730,1274000,65,0,0.6256134258583188,0.6435401965864003
297099,2831354,795367,17,0,0.21033564815297723,0.5890596988610923
297100,2102544,475572,24,0,0.7495254627428949,1.500623194500804
297101,153010,25342,41,0,0.3162152776494622,0.3262844793498516
297102,6442399,2203140,45,0,0.8166203703731298,0.8203145484440029
297103,2110760,479306,17,0,0.016863425727933645,0.023916261736303568
297104,5468330,1639960,285,0,0.34408564819023013,0.5974034029059112
297105,205424,27475,44,1,0.7637268519029021,0.7823706134222448
297106,1356619,238366,41,0,0.9009953704662621,0.9109400464221835
297107,38817,6449,42,0,0.9112499998882413,0.9635226503014565
297108,5523879,1673397,65,0,0.889814815018326,0.9015457984060049
297109,5228746,1554940,44,1,0.4624189813621342,0.5108603127300739
297110,7244210,2659426,112,0,0.5336805554106832,0.5348376389592886
297111,411257,85886,64,0,0.5889004631899297,0.7016521757468581
297112,6295156,2070252,65,0,0.6726967594586313,0.69417046289891
297113,5517353,1667188,64,0,0.8345949072390795,0.8662284491583705
297114,7402041,2720442,68,0,0.5233449074439704,0.5370328472927213
297115,6276471,2060721,9,1,0.36011574091389775,2.1745932870544493
297116,3548668,1042511,42,0,0.5814236109144986,0.5899465973488986
297117,6298793,2068174,97,1,0.1813078704290092,0.29275717586278915
297118,7012191,2473360,67,1,0.29584490740671754,0.2968125115148723
297119,5918596,1953234,9,1,0.7058333335444331,2.3729935763403773
297120,1356190,238363,41,0,0.003865740727633238,0.01394261559471488
297121,6128551,2021502,122,0,0.3309722221456468,0.34121071780100465
297122,492738,85331,97,1,0.3598495372571051,0.46366563672199845
297123,2839502,793683,76,0,0.4635648149996996,2.4169937963597476
297124,5505009,1657135,66,0,0.020138889085501432,0.04983254615217447
297125,3572228,1052847,193,0,0.8527777777053416,0.8601377201266587
297126,3711354,1088804,65,0,0.9147453703917563,0.9346596063114703
297127,37551,9204,45,0,0.5525578702799976,0.6755062732845545
297128,4446494,1286216,136,0,0.8414699072018266,0.8517974768765271
297129,5511644,1662399,97,0,0.4795254631899297,1.1323681017383933
297130,145970,23652,44,0,0.2620254629291594,0.2982001043856144
297131,2655762,680521,67,1,0.19591435184702277,0.25257885409519076
297132,410597,85721,64,0,0.5879976851865649,0.7016287962906063
297133,36308,9117,67,1,0.3181134257465601,1.3314762846566737
297134,6630053,2251587,63,1,0.4147106483578682,0.5440476620569825
297135,1849021,350516,6,0,0.1617592591792345,0.17598692141473293
297136,4447982,1286845,65,0,0.5207291664555669,0.5256691086106002
297137,5924816,1955741,41,0,0.5455324072390795,0.555616956204176
297138,4452397,1288807,65,0,0.25913194427266717,0.2607333678752184
297139,2838231,789333,64,0,0.5190393519587815,0.5308252316899598
297140,2469501,641010,42,0,0.7493634261190891,1.288175683002919
297141,4445674,1285904,65,0,0.671724536921829,0.6761186341755092
297142,5288951,1581733,67,1,0.7928240741603076,0.7933440622873604
297143,410974,85815,64,0,0.5884259259328246,0.7016398613341153
297144,3690139,1084344,66,0,0.8700347221456468,0.892023669090122
297145,3718814,1090572,65,0,0.36032407404854894,0.37969592586159706
297146,1687329,299187,42,0,0.09778935182839632,0.09940792806446552
297147,6636101,2252712,67,1,0.318229166790843,
297148,3721969,1091313,64,0,0.5016666664741933,0.6207662848755717
297149,2331,773,7,0,0.20347222220152617,6.181925717741251
297150,205580,27483,97,1,0.9182291668839753,1.4320279397070408
297151,6864117,2438755,48,0,0.3954050927422941,0.4410083796828985
297152,409465,85457,66,0,0.5462615741416812,0.7121785068884492
297153,4392750,1266525,67,1,0.4286111108958721,2.264011944644153
297154,1354181,238332,122,0,0.11940972227603197,0.18064395850524306
297155,553257,107968,67,1,0.1459953705780208,0.1498456597328186
297156,1779196,326954,46,0,0.014178240671753883,0.028098298702389002
297157,1530929,243812,195,0,0.8947569443844259,0.9363731713965535
297158,2868475,810491,16,0,0.4148842594586313,0.44370781257748604
297159,4434527,1281211,66,0,0.5005092592909932,0.5599323608912528
297160,5518565,1668384,64,0,0.08480324083939195,0.09685055539011955
297161,1826050,342671,112,0,0.9811226851306856,1.0430561224929988
297162,5360568,1609496,41,0,0.08635416673496366,0.09454824076965451
297163,6922799,2462636,44,1,0.11221064813435078,0.4017225229181349
297164,3772649,1102915,95,0,0.9490393516607583,0.953748194500804
297165,1824237,342306,112,0,0.7385995369404554,0.7698432640172541
297166,4343301,1233893,44,0,0.6170138888992369,0.6334648495540023
297167,5215329,1552247,194,0,0.27402777783572674,0.500035428442061
297168,2851492,803393,66,0,0.25822916673496366,0.2685979977250099
297169,5040146,1506385,155,0,0.17350694444030523,0.21119763888418674
297170,6628778,2251712,66,0,0.40677083330228925,0.44130662037059665
297171,1549879,249126,116,0,0.4004513886757195,0.4175676852464676
297172,3605570,1070899,274,0,0.906550926156342,0.9474244676530361
297173,5359360,1609287,42,0,0.7194444444030523,0.752973900642246
297174,7030024,2485329,67,1,0.3208449073135853,0.3867820603772998
297175,151995,25328,41,0,0.4829050926491618,0.49293460650369525
297176,7034088,2488824,144,0,0.8441319442354143,0.8931085648946464
297177,7397719,2719004,66,0,0.5848958333954215,1.085867754649371
297178,1686964,299180,193,0,0.09226851863786578,0.15469549782574177
297179,4409299,1270192,67,1,0.18111111130565405,2.17600800935179
297180,5045016,1507633,9,1,0.8044097223319113,2.372150370385498
297181,210133,26362,42,1,0.4614351852796972,0.4960114466957748
297182,2108949,478427,76,0,0.5097337961196899,0.5166907291859388
297183,557895,108300,67,1,0.1668287036009133,0.1705124075524509
297184,6084970,2013568,41,0,0.6545717590488493,0.6760332523845136
297185,5918319,1953181,9,1,0.3064930555410683,2.265843657311052
297186,149289,25270,41,0,0.9633564813993871,0.9732839581556618
297187,6900146,2460687,193,0,0.24149305559694767,0.2562010185793042
297188,6874637,2445343,66,0,0.9824305553920567,1.1079960530623794
297189,2550800,666210,123,0,0.7081249998882413,0.854001886676997
297190,2866613,789264,64,0,0.39370370376855135,0.4075579051859677
297191,6289953,2065829,66,0,0.5919791664928198,0.6465151850134134
297192,1674094,297159,122,0,0.21387731470167637,0.2936262497678399
297193,4459066,1291993,66,0,0.3602777780033648,0.40347912022843957
297194,2656599,680503,97,1,0.1397916665300727,0.14025231497362256
297195,408285,85369,66,0,0.4595601852051914,0.7121807872317731
297196,4434252,1266805,76,0,0.062280092388391495,0.07943923631682992
297197,2573122,670823,9,1,0.7437615739181638,2.372374050784856
297198,6599678,2247935,41,0,0.46229166677221656,0.472111979033798
297199,7036986,2491467,136,0,0.6375578702427447,0.7273166552186012
297200,143605,25117,41,0,0.6301851850003004,0.6401441781781614
297201,2101527,475070,65,0,0.08685185201466084,0.11055682878941298
297202,2866366,809567,65,0,0.7849421296268702,0.8065939005464315
297203,2578289,671147,49,0,0.725439814850688,0.903938009403646
297204,7030943,2485932,65,0,0.7687731483019888,0.7751971064135432
297205,559616,85286,65,0,0.28054398158565164,0.2882801969535649
297206,121674,23712,122,0,0.7201273147948086,0.7724703243002295
297207,2487165,645306,155,0,0.871493055485189,0.8815970136784017
297208,5245319,1559813,193,0,0.8496759259141982,0.850752477068454
297209,2841234,799092,64,0,0.7545023146085441,0.8668626737780869
297210,5908604,1950126,122,0,0.03425925923511386,0.05995750008150935
297211,531801,104418,136,0,0.8487268518656492,0.8547833566553891
297212,6195191,2038223,43,0,0.3468055557459593,0.9609043053351343
297213,152899,25340,122,0,0.24278935184702277,0.25232333317399025
297214,2862047,807907,136,0,0.841504629701376,0.848298819269985
297215,4392723,1266524,97,1,0.4093402777798474,2.2271112729795277
297216,7355948,2703855,116,1,0.8271874999627471,0.8317730207927525
297217,5468689,1640129,116,0,0.742326389066875,0.7530882987193763
297218,3544827,1042502,43,0,0.5448958333581686,1.0646008565090597
297219,535148,94327,138,0,0.7918981481343508,0.8139097569510341
297220,407155,85330,63,1,0.35953703708946705,2.1745905322022736
297221,3726175,1092238,136,0,0.11431712983176112,0.13897884264588356
297222,6556071,2239214,66,1,0.24256944423541427,0.2557264002971351
297223,1673762,297092,122,0,0.5091898147948086,0.5401682872325182
297224,3570020,1051523,116,0,0.5349537036381662,0.9732136228121817
297225,2840305,798662,65,0,0.5830555553548038,1.1388680902309716
297226,484696,94746,79,0,0.7919791666790843,0.9163396181538701
297227,4421236,1269952,64,0,0.712187500204891,0.7254581712186337
297228,7244577,2660061,120,0,0.8355902777984738,10.261050764005631
297229,3694128,1085238,64,0,0.5867592594586313,0.7016391437500715
297230,549444,92934,67,1,0.6964930556714535,0.7001453936100006
297231,3640001,1077608,95,0,0.04155092593282461,0.18005253467708826
297232,100219,21266,43,0,0.6303125000558794,2.4584800000302494
297233,1852296,352625,8,0,0.9891666667535901,1.060337245464325
297234,5941034,1959181,63,1,0.3544328701682389,2.2576028471812606
297235,2017452,458870,42,0,0.6027314816601574,0.8653414584696293
297236,482734,94366,96,0,0.7327083335258067,0.9689826737158
297237,2840435,798723,19,0,0.5861689816229045,1.1277464353479445
297238,5517593,1667428,64,0,0.8355902777984738,0.8662386923097074
297239,2811213,791142,43,0,0.5561226853169501,1.6352814701385796
297240,1755543,309615,274,0,0.8866087961941957,0.9104170831851661
297241,2828992,794624,97,1,0.08806712972000241,0.2525305091403425
297242,6641898,2262089,65,0,0.34440972236916423,0.35166902793571353
297243,4417647,1273958,65,0,0.6237962963059545,0.6345915626734495
297244,559983,85330,63,1,0.35953703708946705,0.36118696769699454
297245,1358327,238391,41,0,0.1080787037499249,0.11894971085712314
297246,5870327,1943643,177,0,0.516886574216187,2.792440069373697
297247,471598,93059,66,0,0.7095833332277834,0.7449469328857958
297248,7420661,2726447,66,0,0.4659722223877907,0.4857140160165727
297249,2866677,809699,144,0,0.40136574069038033,0.4115136805921793
297250,3733832,1072451,64,0,0.5055555556900799,0.5296817710623145
297251,2017751,458918,112,0,0.8682638891041279,0.9330499535426497
297252,1355756,232433,42,0,0.44313657423481345,0.44392811320722103
297253,5924197,1955696,43,0,0.5450694444589317,0.5628354512155056
297254,5156736,1537725,42,0,0.334675925783813,0.33643896970897913
297255,558061,108635,67,1,0.16684027761220932,0.17051399312913418
297256,6083455,2013566,41,0,0.8568634260445833,0.8789068632759154
297257,2653169,680986,66,0,0.5007986109703779,0.5573140275664628
297258,1606426,264007,193,0,0.9167013890109956,
297259,2880799,815051,16,0,0.3488310184329748,0.37539378460496664
297260,5523885,1673403,136,0,0.8906828705221415,0.8956380439922214
297261,150207,23659,41,0,0.13396990718320012,0.14118584478273988
297262,1939407,430429,67,1,0.26150462962687016,0.3652152894064784
297263,5516922,1666792,141,0,0.6734722224064171,0.7493476853705943
297264,2104061,476308,97,0,0.8468171297572553,0.8618265856057405
297265,2572903,670822,122,0,0.8686921298503876,
297266,3704697,1087427,66,0,0.06290509272366762,0.08787821745499969
297267,147016,25214,122,0,0.35322916647419333,0.37839604169130325
297268,1361755,238455,41,0,0.6715162037871778,0.6852101041004062
297269,409553,85477,68,0,0.5706597222015262,0.695335544180125
297270,1362373,238382,41,0,0.02453703712671995,0.034793229307979345
297271,7338049,2699678,42,0,0.8283796296454966,0.9217279627919197
297272,5045407,1507645,6,0,0.9917824072763324,0.9930955553427339
297273,3685145,1073507,68,0,0.6441435185261071,6.864788495469838
297274,5524302,1673820,65,0,0.6921412036754191,0.6991517706774175
297275,2881951,815462,67,1,0.08347222208976746,0.08736358815804124
297276,1351660,238235,42,0,0.8283796296454966,0.963600393384695
297277,37359,9183,67,1,0.43254629615694284,2.2640163311734796
297278,152193,25311,122,0,0.7949189813807607,0.8183585880324244
297279,4418139,1274203,65,0,0.3521412038244307,0.440779525320977
297280,39433,6400,42,0,0.5145833333954215,0.5296918982639909
297281,2851088,789417,64,0,0.24447916680946946,0.2680582869797945
297282,5106532,1527656,158,0,0.7534374999813735,0.7597997337579727
297283,13334,4320,47,0,0.7926967591047287,0.862700879573822
297284,3775008,1103501,64,0,0.5696296296082437,0.5735747800208628
297285,271268,37203,67,1,0.08344907406717539,0.08749228017404675
297286,7397135,2718812,141,0,0.5304745370522141,0.9741415972821414
297287,2470034,640007,42,0,0.07940972223877907,0.08921574056148529
297288,7365568,2705339,0,0,0.36090277787297964,0.3612691550515592
297289,6637265,2257761,65,0,0.07491898164153099,0.0814119097776711
297290,5242878,1559829,193,0,0.288912036921829,2.053914907388389
297291,6900503,2461326,195,0,0.8269097222946584,0.8535962267778814
297292,2551267,666399,122,0,0.8178356480784714,0.8273432408459485
297293,2102960,475774,17,0,0.8006250001490116,1.0707253240980208
297294,466644,92039,138,0,0.19843749981373549,0.31291987281292677
297295,539285,105554,136,0,0.8459259257651865,0.8501426386646926
297296,2863430,808443,20,0,0.38099537044763565,0.3887720024213195
297297,4429283,1278818,140,0,0.9336574072949588,0.9660014002583921
297298,3694396,1072451,64,0,0.6036805557087064,0.7231394676491618
297299,404543,85208,97,1,0.13876157393679023,1.431083946954459
297300,2575334,671023,97,1,0.3612037035636604,2.1745916320942342
297301,1710064,303341,97,1,0.3082407405599952,0.31209090258926153
297302,6126772,2021342,136,0,0.2228587963618338,0.36577300913631916
297303,7032668,2487443,65,0,0.4752199072390795,0.4838160532526672
297304,5244133,1559194,119,0,0.12679398152977228,0.17371299769729376
297305,2663108,681580,67,1,0.00016203708946704865,0.0039354050531983376
297306,4451799,1288534,65,0,0.3743171296082437,0.3786557521671057
297307,487813,85214,140,0,0.15668981475755572,0.4843081710860133
297308,5468847,1640201,116,0,0.6484375,0.6521400809288025
297309,2106924,477526,65,0,0.007025463040918112,0.02502746507525444
297310,1853775,353894,8,0,0.6647569444030523,0.6867374652065337
297311,5177582,1544859,93,0,0.13613425940275192,0.13766199070960283
297312,3776616,1074096,64,0,0.12790509266778827,0.14029604149982333
297313,1351195,238225,122,0,0.7994328704662621,0.8194722454063594
297314,2569233,670602,44,1,0.45901620388031006,0.5012355209328234
297315,543263,106307,97,1,0.041493055410683155,0.04525401629507542
297316,207732,27661,44,1,0.7175231482833624,0.7334488891065121
297317,487076,95193,138,0,0.38416666677221656,0.4657108914107084
297318,416340,87000,64,0,0.6719791665673256,0.7016232293099165
297319,6628667,2251614,65,0,0.5463657407090068,0.5691614118404686
297320,2861122,807537,65,0,0.9125347221270204,0.9304006132297218
297321,5378984,1611432,136,0,0.9573842594400048,0.9686896065250039
297322,544811,106432,67,1,0.041863426100462675,0.04595969896763563
297323,5407008,1615520,63,1,0.21611111098900437,2.1703209839761257
297324,341667,63121,278,0,0.736759259365499,0.7955181016586721
297325,5244787,1560905,194,0,0.8596180556342006,0.8643484259955585
297326,4342792,1233851,44,0,0.5938773145899177,0.6152511690743268
297327,405054,85227,67,1,0.18104166677221656,2.1760092359036207
297328,4448425,1286972,136,0,0.841516203712672,0.8483039466664195
297329,3570280,1051670,112,0,0.09618055541068316,0.15531594911590219
297330,5805479,1933937,43,0,0.7140277777798474,0.8220309028401971
297331,2644600,676770,41,0,0.0717129628174007,0.07235119212418795
297332,543626,86393,67,1,0.6636921297758818,0.6643232521601021
297333,5468066,1639847,119,0,0.001423611305654049,0.009138587862253189
297334,6641653,2261884,64,0,0.5052546295337379,0.5355843519791961
297335,1709253,303299,67,1,0.3218981479294598,2.1745621296577156
297336,6634995,2255792,65,0,0.42329861130565405,0.42824556725099683
297337,1779343,326940,44,0,0.8760416666045785,0.8797543635591865
297338,513047,85356,67,1,0.5975115741603076,0.5977301043458283
297339,144827,25143,41,0,0.08432870358228683,0.10233299760147929
297340,6629373,2252222,65,0,0.8597106481902301,0.8681814237497747
297341,3762744,1074096,64,0,0.03532407386228442,0.04606430558487773
297342,5157024,1537960,43,0,0.39435185166075826,0.40660284738987684
297343,515594,101182,97,1,0.08664351841434836,0.3584802197292447
297344,3640370,1072622,76,0,0.04796296311542392,0.24882265040650964
297345,2017448,458064,41,0,0.3078472223132849,0.8860728470608592
297346,1851966,352335,7,1,0.7657060185447335,0.7798939002677798
297347,3721238,1091130,66,0,0.41606481466442347,0.6536525464616716
297348,1983661,452180,43,0,0.5254629631526768,0.8859569444321096
297349,2079706,466251,97,0,0.17383101861923933,0.17390192113816738
297350,4463737,1267590,136,0,0.1182291666045785,0.12057469924911857
297351,513479,100727,64,0,0.41915509244427085,0.5356025462970138
297352,2055188,461476,67,1,0.4265856482088566,0.8041197801940143
297353,407537,85331,97,1,0.3598495372571051,0.7925844099372625
297354,6081892,2013569,41,0,0.2509375000372529,0.2911080555059016
297355,1530027,242115,42,0,0.548148148227483,0.5557037964463234
297356,1664256,295142,42,0,0.5573958335444331,0.5584093634970486
297357,1855396,355413,7,0,0.731168981641531,0.734542615711689
297358,7284319,2681484,42,0,0.3361111111007631,0.36630585649982095
297359,6556909,2237434,41,0,0.8442013887688518,
297360,6131171,2022119,41,0,0.19123842613771558,0.20146520854905248
297361,1757470,311526,274,0,0.02098379610106349,0.021010647993534803
297362,309504,57421,9,1,0.2183912037871778,0.21974614588543773
297363,2110693,479273,64,0,0.060833333525806665,0.06152238417416811
297364,205916,27368,44,1,0.5193055556155741,0.5299053937196732
297365,3740973,1095580,65,0,0.018460648134350777,0.03764285892248154
297366,3678699,1081831,66,0,0.32011574087664485,0.327103900257498
297367,5514057,1662331,67,1,0.28792824083939195,
297368,2447610,634060,49,0,0.7079861112870276,1.163944189902395
297369,7000546,2470927,44,0,0.03340277774259448,0.04308519698679447
297370,5511581,1662361,67,1,0.4078240739181638,1.5177802313119173
297371,4411584,1271082,136,0,0.630729166790843,1.0004649190232158
297372,6556815,2239533,66,1,0.20156250009313226,0.211109456140548
297373,6442416,2203088,122,0,0.25253472244367003,0.6600904166698456
297374,5156973,1537946,125,0,0.14420138904824853,0.15129143511876464
297375,5977387,1971286,122,0,0.2547916667535901,0.29571859957650304
297376,5468986,1640134,116,0,0.619409722276032,0.6262689814902842
297377,395604,84482,63,1,0.8622453701682389,2.5042306943796575
297378,5039834,1506386,155,0,0.5278009260073304,0.5803264118731022
297379,2854233,804508,65,0,0.7931018518283963,0.7968201506882906
297380,6629821,2252588,138,0,0.14520833315327764,0.1615073261782527
297381,3728384,1092737,65,0,0.8237847220152617,0.8299749307334423
297382,6850211,2436556,123,0,0.31539351865649223,0.37487215269356966
297383,418180,87392,64,0,0.6834259261377156,3.102828923612833
297384,6598600,2247812,128,0,0.07069444423541427,1.969943969976157
297385,2055502,461480,67,1,0.42675925930961967,0.803696412127465
297386,2055301,461478,67,1,0.4265972222201526,1.5252519329078496
297387,5243268,1560055,116,0,0.1381712961010635,0.14173157420009375
297388,2578905,670832,125,0,0.5590277779847383,0.5808065854944289
297389,4448080,1286883,64,0,0.517870370298624,0.5208134260028601
297390,7400812,2720035,64,0,0.42181712947785854,0.5356098841875792
297391,5513044,1662120,97,1,0.2593171298503876,0.2631284608505666
297392,6053019,1994424,97,1,0.43167824065312743,0.43551061348989606
297393,1524720,242069,41,0,0.003750000149011612,0.013774571940302849
297394,2657009,683998,66,0,0.16739583341404796,0.18575094919651747
297395,3720037,1074096,64,0,0.4523726850748062,0.45296716457232833
297396,3695781,1075610,64,0,0.6675810185261071,0.8347472338937223
297397,3741885,1086248,64,0,0.8285069442354143,0.8289221990853548
297398,4426420,1277565,65,0,0.24248842615634203,0.25078070582821965
297399,6084930,2013567,41,0,0.6545370370149612,0.6747905556112528
297400,2791644,785705,43,0,0.2736226851120591,0.2745302547700703
297401,1358132,238390,41,0,0.0908680553548038,0.12345417821779847
297402,7032443,2487237,65,0,0.10694444458931684,0.11592060187831521
297403,145401,25148,122,0,0.4376157405786216,0.46896866895258427
297404,3559811,1046333,115,0,0.5928587964735925,0.6352831828407943
297405,488180,95347,138,0,0.2242592591792345,0.384119710419327
297406,3707289,1087970,64,0,0.14938657404854894,0.14975710632279515
297407,1856383,356128,7,0,0.6243402776308358,0.6301472801715136
297408,4426439,1274566,136,0,0.24354166677221656,0.25118020828813314
297409,6900207,2460687,193,0,0.8213541666045785,0.8320695948787034
297410,541135,105831,64,0,0.8876504627987742,0.9521863656118512
297411,4459029,1290522,64,0,0.35979166673496366,0.36037060199305415
297412,6992661,2469408,43,0,0.6052430556155741,0.823671608697623
297413,2573389,670828,9,1,0.932060185354203,2.504288807976991
297414,6277690,2060920,6,0,0.530949073843658,0.5322409141808748
297415,6130313,2021917,41,0,0.477673611138016,0.5293477312661707
297416,4431869,1280049,65,0,0.4403819446451962,0.445857766084373
297417,5244759,1560886,120,0,0.8017013887874782,0.970584652852267
297418,2831644,789417,64,0,0.21811342611908913,0.23619315959513187
297419,4416803,1273589,136,0,0.21287037059664726,0.7409104397520423
297420,7037940,2492407,64,0,0.10085648158565164,0.10100067127496004
297421,13718,4419,48,0,0.2696180557832122,0.2781348726712167
297422,2079180,466007,20,0,0.5406018518842757,0.5483584143221378
297423,1359708,238420,122,0,0.802314814645797,0.8182867127470672
297424,1674951,295657,42,0,0.7790740742348135,0.7821848611347377
297425,406616,85089,171,0,0.31287037022411823,1.02516467589885
297426,4424841,1276812,66,0,0.07998842606320977,0.12255747662857175
297427,5517076,1666939,140,0,0.05067129619419575,0.05072753457352519
297428,5039393,1506387,9,1,0.5704976851120591,2.3277612617239356
297429,2321,773,7,0,0.20347222220152617,6.181925578508526
297430,4409053,1270136,65,0,0.12290509277954698,1.097819849383086
297431,2870430,811247,95,0,0.31622685166075826,0.3255390045233071
297432,1986541,452177,42,0,0.9376157405786216,0.9479041784070432
297433,2465184,640002,122,0,0.8147800927981734,0.8610014352016151
297434,7282796,2680982,193,0,0.2118055555038154,14.406180833466351
297435,2856558,805518,94,0,0.28796296287328005,0.34095863439142704
297436,541723,105975,66,0,0.9171874998137355,0.9260973380878568
297437,533231,104524,136,0,0.8460069443099201,0.8587483102455735
297438,559115,108823,67,1,0.4306944445706904,0.4347478817217052
297439,146719,25208,49,0,0.2420833334326744,0.27571594901382923
297440,5292895,1584143,97,0,0.0007638889364898205,0.028146203607320786
297441,553489,107970,67,1,0.14601851860061288,0.14984771981835365
297442,4434626,1281261,66,0,0.5006944444030523,0.5505448840558529
297443,7277931,2678585,280,0,0.18748842598870397,0.19114776607602835
297444,7033968,2488704,97,0,0.08680555550381541,0.13144424790516496
297445,487794,85214,140,0,0.15668981475755572,0.49888909701257944
297446,2097968,473482,16,0,0.5868518520146608,0.6421546181663871
297447,4418039,1274154,65,0,0.6298842593096197,0.7010122803039849
297448,5287403,1581739,67,1,0.2894212962128222,
297449,2576881,670826,125,0,0.6816898146644235,0.7028091088868678
297450,6900899,2460687,193,0,0.9012152776122093,0.9368339003995061
297451,5816858,1938017,112,0,0.8091319445520639,0.8360562846064568
297452,3549631,1042545,42,0,0.9906944446265697,0.9916639816947281
297453,144342,25127,41,0,0.0902199074625969,0.1322837732732296
297454,2876308,813375,67,0,0.1912500001490116,0.19136401638388634
297455,404788,85211,97,1,0.14829861093312502,1.431428449228406
297456,309050,57585,97,1,0.16968750022351742,0.17326053231954575
297457,7355558,2703804,116,1,0.33667824091389775,0.3429189585149288
297458,2805658,789512,73,0,0.08387731481343508,0.12257684022188187
297459,4453980,1289565,136,0,0.36515046283602715,0.3667737036012113
297460,3747675,1097150,65,0,0.27820601873099804,0.28209692146629095
297461,415645,86827,64,0,0.6714930557645857,0.7016193866729736
297462,2536344,663179,97,1,0.4126967592164874,0.41369708348065615
297463,5817602,1938040,112,0,0.9849537038244307,1.0430665854364634
297464,6851111,2436580,42,0,0.21859953692182899,0.22700096061453223
297465,5522631,1672281,122,0,0.12625000020489097,0.1274671875871718
297466,2568700,670589,44,1,0.901921296492219,1.0308578126132488
297467,6297392,2072362,79,0,0.835925925988704,0.8365152315236628
297468,4414104,1272299,95,0,0.8161111110821366,0.9463781830854714
297469,1361740,238455,41,0,0.6715162037871778,0.6852124882861972
297470,2830861,795159,66,0,0.19755787029862404,0.22554377326741815
297471,7033945,2488681,65,0,0.12439814815297723,0.12823593756183982
297472,1362895,238346,42,0,0.15982638904824853,0.17311900481581688
297473,144864,23697,42,0,0.08471064828336239,0.08550665527582169
297474,6901382,2460687,193,0,0.9810763890855014,0.999500613193959
297475,5519750,1669545,64,0,0.833854166790843,0.8662407756783068
297476,4409637,1270289,65,0,0.34118055552244186,0.9724911227822304
297477,6866729,2440185,140,0,0.26103009236976504,0.3025657869875431
297478,497166,97194,79,0,0.537789351772517,0.5647471062839031
297479,534194,104719,65,0,0.586921296082437,0.5940511110238731
297480,1664198,295228,44,0,0.5521412035450339,0.5644200346432626
297481,511328,96388,65,0,0.46116898162290454,0.5065889121033251
297482,2857278,805825,65,0,0.5828125001862645,0.5989090511575341
297483,1711088,303398,122,0,0.32374999998137355,0.3420895370654762
297484,2860231,807099,66,0,0.5004976852796972,0.5479532522149384
297485,3744564,1074103,64,0,0.3566435184329748,0.37003229185938835
297486,2643505,677664,61,0,0.5859143519774079,1.0848195948638022
297487,6277657,2060902,6,0,0.5699768518097699,0.5712520140223205
297488,7032044,2486851,67,1,0.4292824072763324,0.4332927083596587
297489,209962,27410,125,0,0.26737268501892686,0.2868563886731863
297490,2837640,797716,136,0,0.4934837962500751,0.49462545150890946
297491,4420984,1275511,65,0,0.7069444442167878,0.7241656016558409
297492,88752,12200,274,0,0.1881134258583188,0.2538737962022424
297493,6851829,2436576,42,0,0.28393518505617976,0.2977729975245893
297494,146092,23678,42,0,0.16850694455206394,0.17376846075057983
297495,6923504,2462706,44,0,0.7091898149810731,0.731313715223223
297496,6052728,2007774,67,1,0.3153472221456468,0.31908927066251636
297497,6128798,2021573,44,0,0.7221412034705281,0.7409684490412474
297498,6084711,2013569,41,0,0.6545023149810731,0.6706557753495872
297499,6870506,2442071,140,0,0.39143518498167396,0.43371075252071023
297500,152181,25311,122,0,0.7949189813807607,0.8183584026992321
297501,482196,94314,97,1,0.16002314817160368,0.21157510438933969
297502,2106371,477257,66,0,0.12905092583969235,0.17739145830273628
297503,7031980,2486798,79,0,0.03408564813435078,0.03411321761086583
297504,7000295,2470892,41,0,0.06626157416030765,0.07626891182735562
297505,514386,100948,66,0,0.5030208332464099,0.5116401156410575
297506,2108609,478259,19,0,0.590543981641531,0.5967746991664171
297507,2872603,811911,97,0,0.7296874998137355,0.7758878357708454
297508,7285210,2681849,193,0,0.13471064809709787,0.1518275924026966
297509,7031069,2486057,67,0,0.7590509257279336,0.810474178288132
297510,1849261,350654,6,1,0.2285416666418314,1.2412693169899285
297511,6556459,2237394,42,0,0.7257060185074806,0.7324357987381518
297512,5458172,1635625,116,0,0.14097222220152617,0.14985780091956258
297513,2108869,478387,65,0,0.844884259160608,0.851273784879595
297514,1686916,300023,42,0,0.8410300924442708,0.9603053242899477
297515,100185,20651,193,0,0.5340972221456468,0.7229054975323379
297516,3690309,1073340,122,0,0.8742824075743556,
297517,1855385,355402,6,0,0.6920254630967975,0.744413819629699
297518,2535642,664328,44,1,0.45900462940335274,0.5012369211763144
297519,3732259,1093632,64,0,0.41920138895511627,0.5356344212777913
297520,503226,98359,138,0,0.9637037036009133,1.0505872801877558
297521,4411416,1271000,136,0,0.6062962962314487,0.8735354747623205
297522,7243582,2659492,120,0,0.939872685354203,10.261241897940636
297523,5287860,1581940,67,0,0.6248726854100823,0.6656343401409686
297524,515589,101182,97,1,0.08664351841434836,0.3584802085533738
297525,6298802,2068174,97,1,0.1813078704290092,0.18220777763053775
297526,5342847,1604304,43,0,0.6676851850934327,0.6767437499947846
297527,5156284,1536955,42,0,0.1592361112125218,0.1622784142382443
297528,548733,84026,138,0,0.03726851847022772,0.07543800910934806
297529,115766,23424,97,1,0.220011574216187,0.44092671293765306
297530,1756719,310787,275,0,0.7576273148879409,0.8191270488314331
297531,5044232,1507585,9,1,0.21692129643633962,1.5200023148208857
297532,121430,23711,122,0,0.7303125001490116,0.7724840855225921
297533,2470016,641115,43,0,0.5191435185261071,0.5314288656227291
297534,1710602,303369,41,0,0.7132523148320615,0.7232913309708238
297535,2851970,803589,66,0,0.39157407404854894,0.46824795147404075
297536,4456015,1290542,138,0,0.45537037029862404,0.46250554407015443
297537,3732400,1093667,64,0,0.41937500005587935,0.5355857987888157
297538,1711484,303231,42,0,0.33603009255602956,0.3374158679507673
297539,3671147,1080213,66,0,0.047361111268401146,0.06009967578575015
297540,4415333,1272906,76,0,0.9165277779102325,0.9692336111329496
297541,410271,85639,64,0,0.5876620369963348,0.7017179746180773
297542,6628508,2251522,65,0,0.7711342591792345,0.774458437692374
297543,6558669,2237528,42,0,0.7450231481343508,0.7555080554448068
297544,558413,83983,97,1,0.08785879611968994,0.08834049757570028
297545,6870593,2442152,95,0,0.9175925925374031,1.680053252261132
297546,405340,85232,67,1,0.18106481479480863,2.1760087269358337
297547,5458312,1635650,112,0,0.11692129634320736,0.13332172436639667
297548,1854220,354311,6,0,0.31846064794808626,0.36166772013530135
297549,5511857,1662583,64,0,0.6664699073880911,1.2503318982198834
297550,2101487,475051,19,0,0.4277893519029021,0.5009207869879901
297551,309413,57662,44,0,0.7357407407835126,0.7503368170000613
297552,4457728,1291369,66,0,0.43819444440305233,0.4930489701218903
297553,1939050,430427,67,1,0.1975810183212161,0.31964442133903503
297554,4464068,1294270,65,0,0.7508449074812233,0.7576684607192874
297555,2099674,474250,23,0,0.1855902778916061,0.2509203124791384
297556,1825516,342610,112,0,0.8010995369404554,0.8360637151636183
297557,2004394,455880,169,0,0.10365740722045302,0.10506179416552186
297558,6548563,2237493,67,1,0.6623495370149612,2.3313324423506856
297559,5917493,1952756,8,0,0.500300926156342,1.1139962151646614
297560,553039,106430,67,1,0.1459837961010635,0.14984355308115482
297561,3712268,1089027,76,0,0.25358796305954456,0.29236614564433694
297562,511052,96388,65,0,0.46116898162290454,0.5118120950646698
297563,492987,96294,42,0,0.37379629630595446,0.3759896410629153
297564,6851886,2436610,42,0,0.5583796296268702,0.564375439658761
297565,2569032,669144,44,1,0.9019097220152617,0.9240480670705438
297566,1549934,249148,194,0,0.5445717591792345,0.54566495353356
297567,3708364,1072451,64,0,0.4457407407462597,0.4681334141641855
297568,39572,9272,97,1,0.30539351841434836,0.3094467939808965
297569,5288155,1581552,63,1,0.8641087962314487,0.8834678470157087
297570,2099417,474138,67,1,0.31810185173526406,1.3314755437895656
297571,2576674,671127,44,0,0.7089814813807607,0.7397044445388019
297572,518127,85345,95,0,0.5150462961755693,0.5158650577068329
297573,4427740,1278155,140,0,0.6504166666418314,0.6792119559831917
297574,2881173,789333,64,0,0.7334606479853392,0.7564245951361954
297575,1655743,294064,195,0,0.7701157405972481,0.783819027710706
297576,206104,27410,125,0,0.22592592611908913,0.24790869234129786
297577,5503672,1655971,79,0,0.029143518302589655,0.1293669561855495
297578,492478,96185,66,0,0.33501157397404313,0.44869134249165654
297579,89270,12717,274,0,0.6346875000745058,0.8638773146085441
297580,404733,85211,97,1,0.14829861093312502,1.431428309995681
297581,2865683,789333,64,0,0.4578356482088566,0.4986556018702686
297582,2856972,805699,66,0,0.3085069442167878,0.34616909734904766
297583,3776488,1088043,64,0,0.12607638910412788,0.12646500021219254
297584,5969893,1971251,47,0,0.6761111109517515,57.496365590486676
297585,2846469,791142,43,0,0.5986458333209157,0.682376956101507
297586,409666,85502,64,0,0.585775462910533,0.7016290044412017
297587,3715865,1074096,64,0,0.7146527776494622,0.768965404946357
297588,146582,25207,41,0,0.29524305555969477,0.305619259364903
297589,3726629,1075610,64,0,0.11033564805984497,0.11683337949216366
297590,1853279,353490,6,0,0.8866435186937451,0.9269754630513489
297591,3570382,1051724,112,0,0.4871759261004627,0.4881053240969777
297592,6488916,2232885,42,0,0.03418981470167637,0.04003432858735323
297593,4447345,1286559,141,0,0.3545254631899297,0.3628696990199387
297594,6924414,2462714,49,0,0.7255324074067175,0.9114413540810347
297595,2848346,802149,64,0,0.6711111110635102,0.7016827892512083
297596,559620,85286,65,0,0.28054398158565164,0.2882802081294358
297597,5186810,1547288,46,0,0.8761574071832001,0.9324148497544229
297598,6081852,2013569,41,0,0.2509375000372529,0.29181809024885297
297599,3733170,1072971,138,0,0.4351967591792345,0.5671780672855675
297600,2102761,475675,17,0,0.7993287038989365,1.0707246409729123
297601,1674784,295657,42,0,0.8565740738995373,0.863945301156491
297602,7030685,2485832,136,0,0.4070023149251938,0.43634810205549
297603,6017004,1994528,19,0,0.6860069446265697,0.7138225231319666
297604,5413234,1617452,97,1,0.7069212961941957,2.37299092579633
297605,2838468,793792,64,0,0.7787847220897675,0.7924005673266947
297606,7355736,2703837,116,1,0.33790509263053536,0.342922025360167
297607,7332283,2698026,41,0,0.8783217594027519,0.8837471064180136
297608,6299173,2074008,65,0,0.6379976850003004,0.6638600346632302
297609,2840488,798750,20,0,0.5909490738995373,1.0899348612874746
297610,152661,25311,122,0,0.8060879628174007,0.8183589004911482
297611,2577533,670830,9,1,0.8473148150369525,0.8486067708581686
297612,6277735,2060961,8,0,0.20006944425404072,0.25615505781024694
297613,530954,85260,64,0,0.23199074063450098,0.23502141190692782
297614,3673621,1080680,177,0,0.07341435179114342,0.5841989465989172
297615,150292,23710,42,0,0.8878703704103827,0.8911228701472282
297616,6021762,1996126,63,1,0.30643518501892686,1.5200458797626197
297617,4393446,1266694,138,0,0.8122453703545034,0.8660662961192429
297618,5360985,1609293,42,0,0.2842476852238178,0.2982140858657658
297619,5287960,1581990,66,0,0.7082523149438202,0.7413090048357844
297620,6107510,2015047,42,0,0.23125000018626451,0.2537951157428324
297621,6462553,2210186,67,1,0.42822916666045785,0.432273437269032
297622,3697425,1074197,64,0,0.764513888861984,0.8472504746168852
297623,3728171,1072451,64,0,0.4890972222201526,0.5296817128546536
297624,4430774,1279542,64,0,0.24666666658595204,0.2480051275342703
297625,2867078,809880,136,0,0.4468287038616836,0.4479126618243754
297626,6107445,2015027,45,0,0.7828240739181638,0.8355390741489828
297627,6441530,2203431,42,0,0.558194444514811,0.5619058217853308
297628,2839106,798175,19,0,0.39175925916060805,0.8761063078418374
297629,4436903,1277973,64,0,0.8756712963804603,0.8758851969614625
297630,7001603,2470855,112,0,0.8725347220897675,0.9330458100885153
297631,1809294,337777,41,0,0.6718402779661119,0.6815878241322935
297632,4445009,1285572,65,0,0.2063657408580184,0.23370386566966772
297633,4392076,1266383,65,0,0.9025115738622844,0.906358125153929
297634,502709,98324,67,0,0.9469907409511507,0.9771367940120399
297635,7284935,2681754,41,0,0.41570601845160127,0.48587277764454484
297636,1351478,238230,42,0,0.9012500001117587,1.3609215510077775
297637,6629810,2252588,138,0,0.14520833315327764,0.16150722233578563
297638,3709769,1088502,64,0,0.06579861091449857,0.08313159737735987
297639,3742031,1083206,64,0,0.6624189815483987,0.6634044558741152
297640,5805082,1934236,41,0,0.9094097223132849,12.85080394661054
297641,5156434,1537782,63,1,0.22005787026137114,2.1478511225432158
297642,2103809,476185,19,0,0.7727083335630596,0.9788992940448225
297643,2110505,473610,171,0,0.5330902775749564,0.534007303416729
297644,2658322,685258,66,0,0.225300925783813,0.2781185763888061
297645,7415697,2724795,97,0,0.08635416673496366,0.11457233782857656
297646,6270799,2059794,41,0,0.31636574072763324,0.3264682060107589
297647,143633,25117,41,0,0.6301851850003004,0.6401450233533978
297648,6639654,2259967,136,0,0.9379398147575557,0.9940818748436868
297649,5518989,1668800,64,0,0.7512037036940455,0.7659525577910244
297650,7365102,2705020,0,0,0.5279513890855014,0.5281461109407246
297651,1351150,238225,122,0,0.7994328704662621,0.8194720949977636
297652,5046832,1507848,44,0,0.7124189813621342,0.7137532983906567
297653,6268847,2059623,41,0,0.5662384261377156,0.5762792015448213
297654,1823391,342270,288,0,0.8289004629477859,1.084358171094209
297655,6443905,2203873,41,0,0.88027777755633,0.8901326851919293
297656,6629827,2252588,138,0,0.14520833315327764,0.16150737274438143
297657,3693340,1085041,64,0,0.5857407408766448,0.701689328532666
297658,2861582,807764,64,0,0.5878703705966473,0.6207778472453356
297659,5510472,1661609,97,0,0.05087962979450822,0.10106098372489214
297660,1986823,452178,42,0,0.919641203712672,0.921417280100286
297661,3610601,1072649,66,0,0.21928240731358528,0.25689188670367
297662,2791597,787053,44,0,0.6178472223691642,0.6334637962281704
297663,2099388,474129,16,0,0.30261574080213904,0.40740400459617376
297664,4438865,1283035,65,0,0.30793981486931443,0.30933127319440246
297665,533010,104512,136,0,0.8458796297200024,0.8587515740655363
297666,1711364,303313,42,0,0.9333912036381662,0.9340765164233744
297667,1606607,264648,44,0,0.12488425942137837,0.1870582872070372
297668,406185,85260,64,0,0.23199074063450098,41.77161005791277
297669,204693,27425,44,1,0.8028935184702277,1.4642130439169705
297670,6298636,2073507,66,0,0.1678472221828997,0.2090467824600637
297671,409519,85470,67,0,0.5606365739367902,0.7541915508918464
297672,5925327,1955686,44,0,0.035497684963047504,0.044356110971421
297673,5188673,1548827,41,0,0.9739467594772577,1.0174993518739939
297674,1756951,311019,275,0,0.9837847221642733,1.0378346643410623
297675,4391010,1266195,66,0,0.6672453703358769,0.6956065623089671
297676,5511793,1662520,138,0,0.5895486110821366,1.08866715291515
297677,2857130,805772,136,0,0.29271990759298205,0.2943529165349901
297678,4428277,1278395,64,0,0.8325347220525146,0.8328455090522766
297679,487701,93256,140,0,0.15763888880610466,0.4906241321004927
297680,2640759,676779,42,0,0.9764930554665625,0.977242638822645
297681,3639605,1077511,65,0,0.03402777761220932,1.067396932747215
297682,4427149,1277865,95,0,0.0426967591047287,0.06825030082836747
297683,3696584,1085745,64,0,0.6712962961755693,0.694842719938606
297684,2469764,639991,42,0,0.8367824074812233,0.8375850692391396
297685,6869976,2441784,67,1,0.662638888694346,0.7928897337988019
297686,6636159,2256776,66,0,0.4372106483206153,0.4930466553196311
297687,3738832,1074096,64,0,0.19648148166015744,0.2678453936241567
297688,6297258,2072246,65,0,0.9227199074812233,0.9330357178114355
297689,265381,33510,44,1,0.44313657423481345,1.5765551505610347
297690,543420,106307,97,1,0.041493055410683155,0.045254606287926435
297691,7033118,2487884,65,0,0.08223379636183381,0.33247531251981854
297692,488858,95469,66,0,0.2920254631899297,0.39411621540784836
297693,5228803,1554944,45,1,0.28864583326503634,0.30906048603355885
297694,2509916,646482,125,0,0.5328472224064171,1.3199707986786962
297695,2850928,803178,16,0,0.22636574087664485,0.34181799786165357
297696,4445066,1285601,66,0,0.20973379630595446,0.24879120383411646
297697,144647,25136,43,0,0.8272916665300727,0.8402351387776434
297698,1361997,238455,41,0,0.6715162037871778,0.681812581140548
297699,2791690,787027,44,0,0.03601851873099804,0.04440207174047828
297700,3732593,1093715,64,0,0.419780092779547,0.5356547799892724
297701,467202,92165,64,0,0.25185185205191374,0.2555571529082954
297702,5469245,1640377,201,0,0.8106249999254942,0.8303094562143087
297703,6442437,2203719,41,0,0.1968981479294598,0.1975385877303779
297704,522534,102576,66,0,0.7335879630409181,0.797940821852535
297705,3677891,1072451,64,0,0.29664351837709546,0.39995703706517816
297706,4409280,1270191,67,1,0.18106481479480863,2.1760079050436616
297707,540797,105747,64,0,0.8857870372012258,0.9522065394558012
297708,2842430,799640,67,0,0.8354166666977108,0.8569633448496461
297709,1854133,354226,6,0,0.8574652778916061,0.8857991090044379
297710,7033758,2488510,65,0,0.5282754627987742,0.5314140394330025
297711,6443241,2201954,43,0,0.6386342593468726,0.6397885414771736
297712,1778781,328604,44,0,0.020057870540767908,0.036927720066159964
297713,1355623,238358,41,0,0.44151620380580425,0.4516568402759731
297714,4451636,1288473,66,0,0.37195601873099804,0.4109608680009842
297715,468528,92486,138,0,0.8856365741230547,0.9691544212400913
297716,6872372,2441691,67,1,0.3973958333954215,0.41725290520116687
297717,1807789,336264,42,0,0.9039699072018266,0.9086941317655146
297718,5514579,1664822,65,0,0.5733796297572553,0.5801555556245148
297719,7031195,2486175,65,0,0.5509374998509884,0.7583101969212294
297720,146965,23659,41,0,0.40291666658595204,0.41817606473341584
297721,3715748,1074096,64,0,0.7129166666418314,0.7689652545377612
297722,6634315,2255411,66,0,0.16785879619419575,0.2021012152545154
297723,407154,85330,63,1,0.35953703708946705,2.1745905322022736
297724,2655708,683122,140,0,0.6265393518842757,0.6467337501235306
297725,3699029,1086257,138,0,0.7831828705966473,0.8138002431951463
297726,2864329,808773,66,0,0.6294907405972481,0.7204334605485201
297727,4458846,1291897,64,0,0.36357638891786337,0.36494130780920386
297728,7035757,2490392,64,0,0.08497685194015503,0.09680810198187828
297729,208733,27445,44,1,0.8025578702799976,0.8432534374296665
297730,6871324,2442784,66,0,0.8928009257651865,0.9206796414218843
297731,6872886,2443807,73,0,0.5823263889178634,0.6238891896791756
297732,6442976,2203873,41,0,0.88027777755633,0.8933956366963685
297733,2850319,802928,95,1,0.19555555563420057,0.2088485648855567
297734,6295568,2070655,65,0,0.5571296294219792,0.594310185406357
297735,2881954,815462,67,1,0.08347222208976746,0.08736361097544432
297736,2851090,789417,64,0,0.24447916680946946,0.2680582986213267
297737,6874585,2439860,67,1,0.00012731458991765976,0.003826666623353958
297738,7036870,2491351,66,0,0.4606597223319113,0.5079349419102073
297739,2079360,466091,19,0,0.471944444347173,0.47858561342582107
297740,2868854,798205,67,1,0.4350925926119089,0.45923544000834227
297741,4462408,1293538,67,1,0.041851851623505354,0.04546672431752086
297742,7396597,2718701,144,0,0.08973379619419575,
297743,7011894,2473400,64,0,0.5045138890855014,0.6207723957486451
297744,7032549,2484520,140,0,0.9240740742534399,87.26489015063271
297745,1548153,248444,44,0,0.554826389066875,0.5637234025634825
297746,7031054,2486042,64,0,0.6695833331905305,0.6703969789668918
297747,6851403,2436576,42,0,0.15953703690320253,0.17311820620670915
297748,4459045,1291982,65,0,0.3599074073135853,0.3889747220091522
297749,3639671,1077526,66,0,0.03722222242504358,0.06717790523543954
297750,6052633,2007769,67,1,0.6950694443657994,0.6987330093979836
297751,2107226,477675,19,0,0.8817245368845761,0.88865309022367
297752,2098785,473882,16,0,0.8773032408207655,0.8795590857043862
297753,5908104,1950008,42,0,0.2092476850375533,0.21659652795642614
297754,3756639,1099177,64,0,0.9210300925187767,0.9521098956465721
297755,412379,86162,68,0,0.5979861109517515,0.6871730210259557
297756,6462780,2210314,138,0,0.964421296492219,0.9899755441583693
297757,4416795,1273585,64,0,0.20745370350778103,0.7493489235639572
297758,2791664,785744,42,0,0.18408564804121852,0.20516453683376312
297759,3570488,1046334,120,0,0.18593750009313226,0.2052369210869074
297760,390943,84034,68,0,0.9632175927981734,1.0045379744842649
297761,2839214,793684,76,0,0.4256828702054918,2.369115613400936
297762,2078146,465627,67,1,0.6713773147203028,1.5950404396280646
297763,1779388,326943,43,0,0.5451967590488493,0.5666386806406081
297764,1529639,242107,42,0,0.3260763888247311,0.50653623836115
297765,4423276,1276106,76,0,0.08375000022351742,0.6095759025774896
297766,7244905,2660261,116,0,0.052743055392056704,0.060375208500772715
297767,5941657,1958855,79,0,0.5423148148693144,0.5612987037748098
297768,471333,92996,95,0,0.708865740802139,0.7592553817667067
297769,2654413,681957,67,1,0.6626504631713033,0.6671262150630355
297770,2811175,791142,43,0,0.5561226853169501,1.6330342590808868
297771,364805,78015,44,0,0.627395833376795,0.6341481595300138
297772,3732154,1093605,64,0,0.41915509244427085,0.5356287616305053
297773,497638,97312,66,0,0.5422916668467224,0.5496751619502902
297774,1658825,294359,42,0,0.9604861112311482,0.9623856944963336
297775,148765,25250,42,0,0.7869097222574055,1.005317488219589
297776,2503457,646478,125,0,0.5695833335630596,1.3199880789034069
297777,5525339,1674747,65,0,0.15944444434717298,0.1595210530795157
297778,2875156,812902,17,0,0.3948726849630475,0.40200685197487473
297779,4409030,1270125,65,0,0.10770833352580667,1.165013796184212
297780,5341462,1603806,120,0,0.8331018518656492,10.260859374888241
297781,3712229,1089019,65,0,0.28864583326503634,0.29509055567905307
297782,7402196,2717453,67,1,0.7927777776494622,1.1522350693121552
297783,1807733,337479,122,0,0.46937499986961484,0.5163118285126984
297784,2661687,688076,95,1,0.5759722222574055,0.585933483671397
297785,5517096,1666959,65,0,0.05207175947725773,0.0586386458016932
297786,547490,85291,67,1,0.2893865741789341,0.2958239931613207
297787,5511473,1662355,67,1,0.40781249990686774,1.5177793982438743
297788,5380455,1611642,97,1,0.16997685190290213,0.5347093748860061
297789,2658576,685512,64,0,0.2550347223877907,0.2655609720386565
297790,508592,99618,66,0,0.41728009236976504,0.4277678239159286
297791,5342293,1602742,42,0,0.7215972221456468,0.7228749766945839
297792,2861003,807479,67,0,0.00042824074625968933,0.030786157585680485
297793,2864471,789333,64,0,0.798298611305654,0.7998266434296966
297794,88614,12062,274,0,0.9276504628360271,0.9594052201136947
297795,1825694,342610,112,0,0.8010995369404554,0.8360657868906856
297796,6550342,2237707,66,1,0.9925925927236676,1.0057480670511723
297797,2004399,455885,169,0,0.6011458332650363,0.6021950347349048
297798,146888,25211,122,0,0.7220717594027519,0.7731879283674061
297799,1356947,237236,174,0,0.91296296287328,0.9237421294674277
297800,4432710,1280414,65,0,0.44494212977588177,0.4505055439658463
297801,3701228,1086719,66,1,0.09821759257465601,0.0982837500050664
297802,412425,86174,66,0,0.6023842594586313,0.6906041321344674
297803,1352029,232411,136,0,0.8994560185819864,0.9514856599271297
297804,6084989,2013568,41,0,0.6545717590488493,0.6752645140513778
297805,391173,84043,67,0,0.8410879629664123,1.138433622661978
297806,1352242,237236,174,0,0.91296296287328,7.903141065035015
297807,6638339,2258739,65,0,0.06996527779847383,0.07322193309664726
297808,3694766,1085363,64,0,0.628206018358469,0.701702534686774
297809,7286960,2682472,193,0,0.6888310187496245,0.691537847276777
297810,5360230,1608010,112,0,0.715555555652827,0.7209904743358493
297811,6559016,2240775,42,0,0.7347453702241182,0.7360861343331635
297812,7397128,2718810,141,0,0.5276851849630475,0.7618170022033155
297813,1743579,307740,42,0,0.5460879630409181,0.5661232178099453
297814,5908396,1948628,193,0,0.5584837961941957,0.5668774885125458
297815,2855784,789333,64,0,0.5498148147016764,0.5850108913145959
297816,1361073,232469,42,0,0.8834953703917563,0.884230381809175
297817,2840845,798899,17,0,0.7118402780033648,78.9487230326049
297818,4417169,1273724,65,0,0.5763425924815238,0.6803450807929039
297819,5872500,1943654,141,0,0.18515046313405037,0.20396222220733762
297820,5045254,1507640,44,0,0.735335648059845,0.7531608217395842
297821,5342939,1602703,42,0,0.05502314819023013,0.058126678224653006
297822,542283,106115,65,0,0.6262384257279336,0.6294347452931106
297823,2535682,664330,44,1,0.45901620388031006,0.5108564351685345
297824,2828849,794597,76,0,0.08114583324640989,0.6095789237879217
297825,4444382,1285265,65,0,0.8272800925187767,0.8472036807797849
297826,2551755,666492,42,0,0.857303240802139,0.8617791780270636
297827,6492232,2233503,42,0,0.7314583333209157,0.7347014467231929
297828,342742,62603,200,0,0.459814814850688,0.4600106365978718
297829,4441066,1284100,136,0,0.8926620371639729,0.9015221297740936
297830,4356092,1235554,276,0,0.011828703805804253,0.011854270938783884
297831,4390462,1265957,64,0,0.9962499998509884,0.9975840742699802
297832,2575039,671005,97,1,0.2179976850748062,2.147873356472701
297833,2577825,670832,125,0,0.3092592591419816,0.32326917815953493
297834,7355928,2703176,119,0,0.5850462964735925,0.5890280557796359
297835,5519762,1669557,64,0,0.833865740802139,0.8662410299293697
297836,6599922,2247005,136,0,0.6513541666790843,0.6990804052911699
297837,6825840,2418782,67,1,0.6897106482647359,2.331328125204891
297838,5242979,1559902,195,0,0.563622685149312,1.0064949304796755
297839,6442778,2203509,41,0,0.06625000014901161,0.07643784722313285
297840,7000004,2470821,41,0,0.025509259197860956,5.013695439789444
297841,4430618,1279465,66,0,0.25072916643694043,0.2530838889069855
297842,6081926,2013569,41,0,0.2509375000372529,0.2739626388065517
297843,1986679,453102,44,0,0.8650347222574055,0.8732288889586926
297844,5516962,1666832,65,0,0.7725115739740431,0.7895620716735721
297845,3569888,1051414,112,0,0.4796874998137355,0.5309943403117359
297846,2870169,811167,97,1,0.08309027785435319,0.08665929408743978
297847,4410364,1270491,136,0,0.45932870358228683,0.8695124769583344
297848,3569245,1051021,116,0,0.05484953708946705,0.058637048583477736
297849,6642116,2262307,65,0,0.8138773147948086,0.8213062616996467
297850,5468475,1640037,112,0,0.9571643518283963,0.9877066896297038
297851,2109915,478895,19,0,0.9506712961010635,0.9586932291276753
297852,3572001,1052742,112,0,0.6855324073694646,0.6928354627452791
297853,4420067,1275096,65,0,0.5825694445520639,0.5979131367057562
297854,547763,95288,65,0,0.2944212961010635,0.33967371517792344
297855,2844127,800422,66,0,0.3340277778916061,0.38492399314418435
297856,291390,51983,42,0,0.033981481567025185,0.3813308565877378
297857,2842848,799844,23,0,0.84121527755633,1.7153802779503167
297858,5087204,1513240,76,0,0.05287037044763565,0.06437549786642194
297859,152559,23659,41,0,0.1797569445334375,0.18350063636898994
297860,4419507,1274834,66,0,0.2560763889923692,0.29793744208291173
297861,4461456,1266743,96,0,0.3761805556714535,0.38912775460630655
297862,4391994,1266368,97,1,0.14276620373129845,1.431743923574686
297863,89724,13169,274,0,0.22297453694045544,0.2354398611932993
297864,6635073,2255870,66,0,0.5125925927422941,0.566483958158642
297865,514133,100885,66,0,0.5009953705593944,0.5257016317918897
297866,41796,9359,43,0,0.8780555557459593,1.024116504471749
297867,1963159,444997,194,0,0.3794328705407679,0.4386736573651433
297868,405173,85229,67,1,0.1810532407835126,1.8403200693428516
297869,6598921,2247836,136,0,0.8542824075557292,1.9763267245143652
297870,5342077,1604029,67,1,0.42826388869434595,2.264008888974786
297871,4444538,1285343,66,0,0.8197337961755693,0.8646178701892495
297872,6442345,2203099,42,0,0.16098379623144865,0.2169347801245749
297873,1961844,444703,291,0,0.39878472220152617,11.744664803147316
297874,2868866,798205,67,1,0.4350925926119089,0.4628359489142895
297875,411551,85959,64,0,0.5891782408580184,0.7017178703099489
297876,3753419,1072690,65,0,0.9584259260445833,0.9732583798468113
297877,530229,104213,64,0,0.3102199072018266,0.36796050937846303
297878,517762,85238,67,1,0.18118055537343025,0.2193526504561305
297879,6900847,2460687,193,0,0.08871527761220932,0.1561497338116169
297880,3708990,1088340,66,0,0.38484953716397285,0.40453888894990087
297881,5157298,1538028,124,0,0.2661226852796972,0.3496721643023193
297882,3571731,1052535,112,0,0.684004629496485,0.6845835414715111
297883,1354436,232469,42,0,0.8263541664928198,0.8270203243009746
297884,5039891,1506389,9,1,0.21728009264916182,0.5886677200905979
297885,2840717,798848,67,1,0.6869791666977108,0.9189820252358913
297886,7034972,2489621,64,0,0.751134259160608,0.7659692475572228
297887,1851823,352226,8,1,0.6798032405786216,1.1926212385296822
297888,5282285,1581570,97,1,0.8463888890109956,1.376608865801245
297889,2836273,797140,136,0,0.3011342594400048,0.31505476869642735
297890,1938932,430435,67,1,0.2968055554665625,0.8035759837366641
297891,2845477,801095,64,0,0.4210416665300727,0.4324899883940816
297892,4432422,1266524,97,1,0.4093402777798474,0.42987289372831583
297893,6599740,2247937,45,0,0.4173842594027519,0.5985684604384005
297894,6852037,2436483,194,0,0.8605439816601574,0.8627467709593475
297895,5182040,1547304,42,0,0.9048379631713033,1.3162597916088998
297896,6502065,2234789,97,1,0.1748958332464099,1.4315083450637758
297897,5243156,1560007,116,0,0.9575347220525146,1.459604699164629
297898,7416879,2725186,64,0,0.25490740733221173,0.2655952083878219
297899,2098370,473677,16,0,0.5493634259328246,0.5829821992665529
297900,3674557,1080884,65,0,0.12523148162290454,0.8636034489609301
297901,3674416,1074721,140,0,0.10622685169801116,84.3559489119798
297902,6640269,2260552,136,0,0.5449999999254942,0.5458019212819636
297903,2840460,798736,19,0,0.587060185149312,1.0834902776405215
297904,5870114,1943638,97,1,0.21780092595145106,1.5199990160763264
297905,541454,105908,64,0,0.889374999795109,0.9522319328971207
297906,1627306,271522,64,0,0.7403703704476357,0.766005277633667
297907,6639521,2259834,96,0,0.686516203917563,0.7410008911974728
297908,4445034,1285585,95,0,0.2085300926119089,0.23842152766883373
297909,2108808,478356,24,0,0.7018055557273328,0.7056147567927837
297910,4425492,1277120,66,0,0.26884259236976504,0.299852036871016
297911,1606255,264505,43,0,0.27385416673496366,0.9837402775883675
297912,488181,95347,138,0,0.2242592591792345,0.3841196992434561
297913,7030140,2485397,66,0,0.3845370369963348,0.4298938889987767
297914,547160,95500,67,1,0.3129050927236676,0.31605267338454723
297915,2535524,664312,67,1,0.7019444443285465,2.331422754563391
297916,6557324,2239766,97,1,0.8336574072018266,0.8460251968353987
297917,3674956,1080957,144,0,0.17027777759358287,0.46601959504187107
297918,4397195,1268141,65,0,0.3448958331719041,0.3520140163600445
297919,6869687,2441632,64,0,0.5701388888992369,0.571428055409342
297920,2644444,677791,42,0,0.6625231481157243,0.6731515163555741
297921,2884752,816288,65,0,0.28141203708946705,0.28801997704431415
297922,5188396,1549324,42,0,0.36197916651144624,0.36775658559054136
297923,209199,27455,44,1,0.802615740802139,0.8196642245166004
297924,2108970,478437,16,0,0.07402777764946222,0.07624458335340023
297925,7282965,2680982,193,0,0.2118055555038154,14.406183043960482
297926,1663831,295244,42,0,0.6720486111007631,0.6944428933784366
297927,5977614,1971233,42,0,0.047418981324881315,0.04819782404229045
297928,2868994,810721,65,0,0.43902777787297964,0.4816711456514895
297929,2863330,789417,64,0,0.6058449074625969,0.6299050580710173
297930,1291778,231719,43,0,0.2527314815670252,2.2871310533955693
297931,511591,100276,79,0,0.5495138890109956,0.6189136574976146
297932,2573054,670822,122,0,0.8686921298503876,
297933,493214,96306,67,1,0.3741782405413687,0.37425842601805925
297934,5833822,1940493,42,0,0.4925462962128222,0.755495763849467
297935,6870123,2441854,138,0,0.7444444443099201,0.760788946878165
297936,5512139,1662733,148,0,0.904826388694346,2.6268929168581963
297937,6442431,2203408,42,0,0.18827546294778585,0.1959720253944397
297938,6874170,2445040,65,0,0.19276620354503393,0.19738559005782008
297939,5995976,1974736,274,0,0.30041666654869914,0.32328945584595203
297940,4410979,1270793,66,0,0.5234953705221415,1.0445637847296894
297941,3720190,1073013,138,0,0.45403935201466084,0.4657623381353915
297942,6294596,2069714,65,0,0.9377199076116085,0.9444391550496221
297943,2791589,787053,44,0,0.6178472223691642,0.6334637035615742
297944,1362546,238472,122,0,0.022141203749924898,0.050409479066729546
297945,309465,57441,9,1,0.4118055556900799,0.4135519675910473
297946,5520596,1670344,66,0,0.6009722221642733,0.7017141552641988
297947,6128061,2021030,41,0,0.9742708331905305,1.0084383101202548
297948,5117433,1529466,177,0,0.639363425783813,1.1254135300405324
297949,2111367,479609,16,0,0.18311342597007751,0.18602384254336357
297950,404632,85208,97,1,0.13876157393679023,1.4310841551050544
297951,2575026,671005,97,1,0.2179976850748062,2.147873298730701
297952,6639803,2260112,66,0,0.8639467591419816,0.8928993288427591
297953,7336924,2698200,120,0,0.6310416664928198,0.8448819676414132
297954,1824142,342306,112,0,0.7385995369404554,0.769842118024826
297955,5361079,1609449,42,0,0.97128472244367,0.9720196295529604
297956,2862466,808067,66,0,0.18953703716397285,0.19390505785122514
297957,2532755,663176,47,1,0.7919560186564922,0.8305668751709163
297958,2839924,792762,138,0,0.5244328705593944,88.31335827568546
297959,6293698,2068916,136,0,0.743148148059845,0.7454044446349144
297960,4429510,1278932,66,0,0.9593402775935829,1.0066218171268702
297961,6637823,2258276,66,0,0.9083680557087064,0.9710085880942643
297962,5924890,1955811,43,0,0.19888888904824853,0.20834067137911916
297963,6869668,2441615,174,0,0.3770254631526768,0.5278318054042757
297964,2027553,459843,67,1,0.8784722220152617,0.8878697683103383
297965,6290535,2066357,65,0,0.9620949071832001,0.9714060067199171
297966,4355605,1235351,0,0,0.03965277783572674,0.040791249834001064
297967,6811699,2413649,155,0,0.5973379630595446,0.6772740161977708
297968,2851192,789417,64,0,0.2466087960638106,0.2680585300549865
297969,2804413,789315,67,1,0.0624652779661119,0.06619462976232171
297970,7416833,2725171,64,0,0.25488425930961967,0.2656906829215586
297971,4455765,1290422,64,0,0.3389583332464099,0.35252444446086884
297972,2652965,680833,67,1,0.42869212944060564,1.1671777083538473
297973,2841426,799188,64,0,0.7557638888247311,0.8668577200733125
297974,559855,108899,64,0,0.37920138891786337,0.3804301852360368
297975,3610322,1072609,64,0,0.24810185190290213,0.26659831032156944
297976,121344,23709,45,0,0.9582060184329748,0.993610798381269
297977,2097807,473403,66,0,0.003611111082136631,0.0901604862883687
297978,288914,51192,42,0,0.9669907409697771,1.7077482640743256
297979,3732819,1093772,64,0,0.42089120391756296,0.5356313311494887
297980,2864274,791142,43,0,0.5986458333209157,0.6570863192901015
297981,4437310,1282386,67,1,0.16681712958961725,0.1706095370464027
297982,4421174,1275606,65,0,0.7100925925187767,0.7198548032902181
297983,1595213,260840,194,0,0.605057870503515,1.4044061112217605
297984,4393374,1266693,136,0,0.8464236110448837,0.8517915974371135
297985,2573540,670830,9,1,0.8473148150369525,1.630712036974728
297986,404582,85208,97,1,0.13876157393679023,1.4310840391553938
297987,3742231,1095856,64,0,0.15768518531695008,0.1725596529431641
297988,2852779,791628,67,1,0.3735185186378658,0.7930372916162014
297989,1675067,297301,43,0,0.4317129631526768,0.4521999191492796
297990,5907906,1949952,122,0,0.8789583332836628,1.0010261572897434
297991,6925061,2462903,42,1,0.7301620370708406,0.7345014582388103
297992,6872138,2443231,97,1,0.5419560186564922,0.548090972006321
297993,2108288,478119,16,0,0.118449074216187,0.12136236112564802
297994,6022460,1996232,19,0,0.5675578704103827,0.5954566551372409
297995,5513160,1663594,66,0,0.5948148146271706,0.6466804048977792
297996,1548326,248495,194,0,0.978784722276032,1.014794965274632
297997,4438014,1266023,95,0,0.6604513889178634,0.6627422338351607
297998,2846155,791142,43,0,0.5561226853169501,0.7733128936961293
297999,3737504,1074104,64,0,0.7046527778729796,0.7173621989786625
298000,1755610,309682,277,1,0.9020138890482485,1.5895107868127525
298001,5500722,1655750,41,0,0.09365740744397044,0.10533027769997716
298002,6125369,2015027,45,0,0.8770601851865649,0.8980463310144842
298003,1357450,238380,41,0,0.06805555569007993,0.10138193285092711
298004,7277806,2678658,194,0,0.288923610933125,0.3215040392242372
298005,2831639,789417,64,0,0.21811342611908913,0.23619167832657695
298006,6850721,2436656,41,0,0.14956018514931202,0.15980866877362132
298007,7397366,2718886,64,0,0.5473495372571051,0.6207251390442252
298008,6081799,2013567,41,0,0.2510069445706904,0.30350355338305235
298009,489227,95498,67,1,0.31288194423541427,0.37441108794882894
298010,1823208,342170,120,0,0.6937384260818362,0.8618850694037974
298011,1627695,269635,97,1,0.41638888884335756,0.4173398148268461
298012,482130,94314,97,1,0.16002314817160368,0.16994606470689178
298013,146778,23710,42,0,0.8369675925932825,0.8443390508182347
298014,5287977,1581998,66,0,0.7082523149438202,0.740816967561841
298015,3695907,1074096,64,0,0.6691666664555669,0.6978933564387262
298016,6873688,2444574,79,0,0.4408217594027519,0.44128648145124316
298017,1757966,312020,276,1,0.609236110933125,0.6168364584445953
298018,5295347,1585146,64,0,0.42089120391756296,0.4324858100153506
298019,100589,20649,41,0,0.19101851852610707,0.21396135399118066
298020,486487,95098,138,0,0.8074189815670252,0.837013830896467
298021,7365019,2704964,0,0,0.8702546297572553,0.8705026619136333
298022,100851,21298,45,1,0.29545138869434595,0.3124329512938857
298023,2861643,807793,64,0,0.5883680554106832,0.5891443402506411
298024,3612883,1073038,65,0,0.8404861111193895,0.8448384259827435
298025,2810692,791142,43,0,0.5561226853169501,1.6362275229766965
298026,3570945,1052082,120,0,0.7865740740671754,0.8862723265774548
298027,550100,107440,66,0,0.1672337963245809,0.17953615728765726
298028,3691890,1072451,64,0,0.5351041667163372,0.7583570834249258
298029,3549157,1042511,42,0,0.9418865740299225,0.9428487382829189
298030,524391,85245,67,1,0.19594907388091087,0.21043469896540046
298031,7033865,2488613,97,0,0.042199074290692806,0.10870670154690742
298032,5156273,1537709,42,0,0.11407407419756055,0.2559760184958577
298033,7037022,2491503,181,0,0.983564815018326,2.2396175577305257
298034,6984632,2468304,44,0,0.5566666666418314,0.566007754765451
298035,6296571,2071610,65,0,0.5125231482088566,0.5330840046517551
298036,6083622,2013567,41,0,0.8567939815111458,0.8887940277345479
298037,37449,9187,43,0,0.4672337961383164,0.6198084722273052
298038,2663132,688594,67,1,0.00016203708946704865,0.0039361692033708096
298039,3570617,1051876,116,0,0.08472222229465842,0.08969129621982574
298040,2863434,808445,140,0,0.3756365738809109,0.3877052660100162
298041,1598424,262054,44,1,0.9578009257093072,1.0682932869531214
298042,559492,101839,70,0,0.2805324075743556,0.2881707060150802
298043,548468,107131,65,0,0.3391087963245809,0.3488319097086787
298044,488160,95347,138,0,0.2242592591792345,0.38411960657685995
298045,1658859,294366,42,0,0.10677083348855376,0.10784725705161691
298046,3692317,1084794,64,0,0.33736111130565405,0.7016894328407943
298047,149181,25270,41,0,0.9633564813993871,0.9732833215966821
298048,2659547,686350,136,0,0.845000000204891,0.8587519214488566
298049,2859939,806959,66,0,0.41734953690320253,0.5590832638554275
298050,2652767,680704,64,0,0.4211111110635102,0.5355717823840678
298051,2858805,806278,16,0,0.9219907405786216,0.9890161226503551
298052,3738837,1074096,64,0,0.19648148166015744,0.26783532416447997
298053,2111678,479750,65,0,0.6635879627428949,0.6773062963038683
298054,1358560,238398,123,0,0.46128472220152617,0.569724895991385
298055,1825463,342610,112,0,0.8010995369404554,0.8360631479881704
298056,2843834,800276,66,0,0.2951736110262573,0.34091980336233974
298057,7408666,2722537,97,0,0.7443981482647359,0.8797473958693445
298058,4460942,1292838,65,0,0.8559837960638106,0.8626632406376302
298059,88929,12377,275,0,0.16752314800396562,0.1963593172840774
298060,2110670,479261,16,0,0.02843749988824129,0.0321232290007174
298061,3639239,1077423,65,0,0.011747685261070728,0.18894167803227901
298062,1709134,303293,97,1,0.21798611106351018,2.170324965380132
298063,7286084,2681777,42,0,0.9691550927236676,0.9704099651426077
298064,7034769,2489428,66,0,0.9276273148134351,0.9649642938748002
298065,4435270,1275665,64,0,0.7632986111566424,0.7808788195252419
298066,5513927,1664256,96,0,0.170613425783813,0.2314774072729051
298067,4391481,1266288,65,0,0.6687037036754191,0.6732718171551824
298068,2813353,791815,65,0,0.7495717592537403,0.7546157869510353
298069,2849506,790486,64,0,0.7041319445706904,0.7234192593023181
298070,550708,107483,67,1,0.28937500016763806,0.29311123862862587
298071,2862434,808052,65,0,0.18892361130565405,0.20713251177221537
298072,2879684,789318,67,1,0.12511574057862163,0.1289953817613423
298073,2662548,688730,65,0,0.37199074076488614,0.3767759259790182
298074,7337721,2698725,120,0,0.2639004630036652,0.480427245143801
298075,486492,95098,138,0,0.8074189815670252,0.8250418286770582
298076,4438596,1266368,97,1,0.14276620373129845,0.14321337966248393
298077,144979,25144,41,0,0.33729166677221656,0.34708894696086645
298078,2841170,799060,64,0,0.7543865740299225,0.866890185046941
298079,467027,92121,64,0,0.2517245369963348,0.255546307656914
298080,5511872,1662592,67,1,0.6713773147203028,1.3592292359098792
298081,7244797,2660197,193,0,0.6332175927236676,0.6353326621465385
298082,5515246,1665404,64,0,0.5013657407835126,0.5051501039415598
298083,6557603,2239958,66,1,0.7871874999254942,0.793940566945821
298084,5361095,1609364,41,0,0.2745254631154239,0.28482347214594483
298085,1709136,303293,97,1,0.21798611106351018,2.170325023122132
298086,6923203,2462669,122,0,0.40627314802259207,1.4039676040410995
298087,2568795,669160,120,0,0.639814815018326,0.8553091897629201
298088,3692240,1084775,64,0,0.3367939814925194,0.7016139468178153
298089,291773,52046,125,0,0.4134837961755693,0.6205018172040582
298090,7001163,2470964,112,0,0.8053819444030523,0.8363039698451757
298091,4436946,1282281,65,0,0.8759953705593944,0.8899547569453716
298092,1607630,264620,42,0,0.4394444446079433,0.4464864353649318
298093,5510662,1661795,65,0,0.06954861106351018,0.08981736097484827
298094,1529613,242057,42,0,0.4686689814552665,0.4698787615634501
298095,5510218,1661376,65,0,0.5072337961755693,0.5206635068170726
298096,3702616,1086998,66,0,0.009675926063209772,0.037520323880016804
298097,3700732,1086621,136,0,0.9301273147575557,1.0629563424736261
298098,496600,85430,63,1,0.5273842592723668,0.5929701966233552
298099,6298704,2073575,65,0,0.8851620368659496,0.8924855557270348
298100,2803975,789227,122,0,0.9024421297945082,0.9086233796551824
298101,5520397,1670163,66,0,0.261018518358469,0.2980823959223926
298102,7410992,2723231,66,0,0.8221990740858018,0.85474086785689
298103,2853044,803932,66,0,0.3759375000372529,0.42880586814135313
298104,6017089,1994531,67,1,0.686238425783813,0.6902672802098095
298105,2077848,465547,65,0,0.4261689814738929,0.43671248853206635
298106,5518815,1668634,65,0,0.08842592593282461,0.09985324088484049
298107,6992669,2469408,43,0,0.6052430556155741,0.7936418866738677
298108,3732954,1093805,64,0,0.42398148169741035,0.5356551967561245
298109,1358738,238404,125,0,0.8652777778916061,0.872871701605618
298110,6206249,2039196,193,0,0.2795949075371027,0.31907649291679263
298111,2804291,789304,97,0,0.050925925839692354,0.1535280323587358
298112,7012369,2473548,67,1,0.6856018519029021,0.689108622726053
298113,3720305,1090907,140,0,0.4176967591047287,0.4474252429790795
298114,6442799,2203509,41,0,0.06625000014901161,0.07643800927326083
298115,1710412,303362,49,0,0.928877315018326,1.0027886228635907
298116,146417,25186,122,0,0.28033564798533916,0.28965972224250436
298117,550853,86194,64,0,0.6147685186006129,0.6157453241758049
298118,6873771,2444654,66,0,0.37462962977588177,0.40738965291529894
298119,5816280,1937983,44,0,0.5479513891041279,0.564695474691689
298120,209494,27574,44,1,0.46282407408580184,0.46913142362609506
298121,2644061,677789,42,0,0.694062499795109,0.7013803357258439
298122,470589,92924,67,1,0.694050925783813,0.708951469976455
298123,6269987,2059854,42,0,0.006307870149612427,0.008951145689934492
298124,6502718,2234866,97,1,0.1752546294592321,0.1791434376500547
298125,340704,62457,136,0,0.10184027766808867,0.4062104281038046
298126,5292298,1583876,67,1,0.37361111119389534,0.37631847243756056
298127,5243729,1560341,119,0,0.20385416643694043,0.24377946741878986
298128,1709901,303333,42,0,0.7588425925932825,1.0970763307996094
298129,412163,86112,64,0,0.5900115738622844,0.701640740968287
298130,6081810,2013568,41,0,0.6672453703358769,0.6749100345186889
298131,150432,25299,122,0,0.785729166585952,0.8122993404977024
298132,3758533,1074104,64,0,0.706782407592982,0.7173623726703227
298133,2875399,789333,64,0,0.09365740744397044,0.13415484968572855
298134,541358,105884,64,0,0.8890625000931323,0.9521862035617232
298135,5187296,1549026,42,0,0.41998842591419816,0.4408767013810575
298136,2078835,465853,17,0,0.9300925927236676,0.9370463192462921
298137,3713926,1089388,66,0,0.8383564813993871,0.845433784648776
298138,6294709,2069819,66,0,0.9048148146830499,1.018806562293321
298139,2470890,639997,42,0,0.5161805553361773,0.5173560879193246
298140,205592,27484,97,1,0.9389004628174007,1.5775834489613771
298141,408778,85422,138,0,0.521365740802139,1.3756080325692892
298142,2575450,671032,63,1,0.4114351850003004,2.227115300949663
298143,5386744,1613584,44,1,0.957453703507781,1.0010035298764706
298144,5996783,1975520,274,0,0.710636573843658,0.7356154974550009
298145,2550965,666349,122,0,0.5195601852610707,0.7018212615512311
298146,407409,85331,97,1,0.3598495372571051,0.7927508912980556
298147,2029382,459865,67,1,0.19762731483206153,0.8040493289008737
298148,3712422,1089057,64,0,0.2879166668280959,0.2993015740066767
298149,5288839,1582384,79,0,0.7920254631899297,0.8328658216632903
298150,5045731,1506395,9,1,0.4134490741416812,0.41765325237065554
298151,41502,9287,44,0,0.6475694444961846,0.6527512730099261
298152,3640293,1077681,64,0,0.044976851902902126,0.06436462979763746
298153,7284339,2681492,43,0,0.41700231470167637,0.42159848380833864
298154,3695042,1085432,66,0,0.6468750000931323,0.7087340974248946
298155,204910,27446,44,1,0.8026273148134351,0.8810257175937295
298156,2854430,804603,79,0,0.8064004629850388,0.8377724303863943
298157,3571154,1052232,119,0,0.1711574075743556,0.17682655109092593
298158,309665,57662,44,0,0.7357407407835126,0.7394008566625416
298159,1361035,238177,44,1,0.9320949073880911,1.4244421874172986
298160,7034325,2489040,97,0,0.5941550927236676,0.6357137500308454
298161,1549979,249162,41,0,0.20126157393679023,0.2369860764592886
298162,7001545,2470855,112,0,0.8725347220897675,0.9330452084541321
298163,6850230,2436566,122,0,0.321574074216187,2.3682976737618446
298164,1549772,249076,112,0,0.3620833335444331,0.3725614584982395
298165,541290,105870,64,0,0.8889583335258067,0.9522076272405684
298166,3723326,1091580,64,0,0.5721990740858018,0.6207325579598546
298167,5873030,1943952,122,0,0.09850694425404072,0.09965152759104967
298168,5117787,1529804,66,1,0.9445601850748062,0.9553968170657754
298169,408218,84846,43,0,0.4392245369963348,1.031810775399208
298170,2875466,791536,67,1,0.3128587962128222,0.31576884258538485
298171,7337312,2699670,123,0,0.4790740739554167,0.5087828007526696
298172,2503552,646458,125,0,0.8201273148879409,1.3199427779763937
298173,4430266,1279290,138,0,0.24112268537282944,0.2741459724493325
298174,4390627,1266023,95,0,0.6518518519587815,1.0695312269963324
298175,1709687,303318,41,0,0.9215393518097699,0.931612488348037
298176,1663472,295242,44,0,0.6603703703731298,0.7326557640917599
298177,6298979,2073836,66,0,0.7478819442912936,0.8004006133414805
298178,4431892,1270391,63,1,0.4092708332464099,0.5870697107166052
298179,3734237,1073013,138,0,0.4705555555410683,0.4834504397585988
298180,3548534,1042547,116,0,0.4051736108958721,0.9560248148627579
298181,150591,25137,122,0,0.8623379631899297,0.8932799305766821
298182,1808131,336264,42,0,0.8786689816042781,0.8864870718680322
298183,4436778,1266933,76,0,0.8727199072018266,0.8820031136274338
298184,1362455,238382,41,0,0.02453703712671995,0.034791423473507166
298185,4454467,1289786,65,0,0.6219675927422941,0.6256944793276489
298186,6297305,2072293,64,0,0.8342939815483987,0.8662197571247816
298187,38767,9240,41,0,0.9007523148320615,0.9109471873380244
298188,6254644,2056445,97,1,0.2202662038616836,1.3116905437782407
298189,1363085,238478,122,0,0.07195601845160127,0.08148728031665087
298190,2830425,795014,67,1,0.1810185187496245,0.7926840395666659
298191,547804,95288,65,0,0.2944212961010635,0.33967386558651924
298192,6640042,2260339,144,0,0.5263541666790843,0.5620325808413327
298193,6636143,2256760,96,0,0.3894675928167999,0.4476224882528186
298194,5512641,1663175,66,0,0.43646990740671754,0.473988298792392
298195,4421563,1275743,65,0,0.9904745370149612,1.0169187849387527
298196,6871505,2439861,67,1,0.12516203708946705,0.1290817130357027
298197,2869557,810919,64,0,0.7391550927422941,0.7493504746817052
298198,2656736,683783,249,0,0.1064583333209157,0.12380834482610226
298199,7036660,2491241,67,1,0.43428240763023496,0.43823056714609265
298200,5244945,1555315,112,0,0.28028935194015503,0.28102114563807845
298201,1986770,453107,41,0,0.5539004630409181,0.5573294791392982
298202,1851739,352159,7,0,0.5847916668280959,0.7924267477355897
298203,4458354,1291673,65,0,0.19276620354503393,0.19739314820617437
298204,5870287,1943643,177,0,0.516886574216187,2.7924377894960344
298205,4414156,1272323,66,0,0.8305324073880911,0.9879034026525915
298206,7032416,2487210,65,0,0.8628124999813735,1.532536944374442
298207,6869648,2441597,177,0,0.375138889066875,0.44516752334311604
298208,1856039,355884,7,0,0.14925925945863128,0.15217206021770835
298209,148501,25245,42,0,0.6612384258769453,0.7135905441828072
298210,1359936,238421,41,0,0.08689814805984497,0.09709972236305475
298211,2099452,474142,19,0,0.32266203686594963,1.3805706133134663
298212,6923687,2462629,43,0,0.8649074072018266,1.0464571067132056
298213,2866886,809786,17,0,0.4861458335071802,0.4945991551503539
298214,5517613,1667448,64,0,0.8356249998323619,0.8662287383340299
298215,1358766,238404,125,0,0.8652777778916061,0.8728717709891498
298216,3703604,1087179,66,0,0.9532986111007631,1.0830117822624743
298217,1550063,246556,41,0,0.8784374999813735,0.8828917825594544
298218,6083291,2013566,41,0,0.8568634260445833,0.8781973612494767
298219,7244181,2659795,193,0,0.19548611110076308,0.2058278010226786
298220,6811322,2415193,97,1,0.11437499988824129,1.430604675784707
298221,2863890,789511,141,0,0.7660185187123716,0.8231084607541561
298222,4429070,1278717,66,0,0.0025925925001502037,0.17031589103862643
298223,145335,25148,122,0,0.4271759260445833,0.4689684258773923
298224,557609,108632,67,1,0.16680555557832122,0.17050736118108034
298225,6052228,2007666,97,1,0.5949537036940455,0.7128925579600036
298226,1756260,310328,274,0,0.6489467592909932,0.6982871065847576
298227,5816675,1938017,112,0,0.8091319445520639,0.8360528126358986
298228,6441594,2201930,42,0,0.24156250013038516,0.24423962971195579
298229,145859,23659,41,0,0.7406134260818362,0.7558604166842997
298230,544796,106432,67,1,0.041863426100462675,0.04595965286716819
298231,3752031,1086571,64,0,0.9471643520519137,0.9472172567620873
298232,5891989,1947660,112,0,0.9888888890855014,1.0430630668997765
298233,4392038,1266368,97,1,0.14276620373129845,1.4317441205494106
298234,6624358,2250677,97,1,0.41321759251877666,2.227110463194549
298235,3692270,1084782,64,0,0.33710648166015744,0.7016898957081139
298236,471650,93071,138,0,0.7100462964735925,0.757020381744951
298237,6083068,2013566,41,0,0.21951388893648982,0.23591968743130565
298238,5521535,1671234,76,0,0.8441666667349637,0.9274671645835042
298239,1606826,262389,42,0,0.7115740738809109,0.850897534750402
298240,6548059,2237400,42,0,0.7443865742534399,1.2793293865397573
298241,2104004,476279,64,0,0.8355902777984738,0.8661974188871682
298242,1356116,238362,122,0,0.4271759260445833,0.4689893750473857
298243,1962170,444780,116,0,0.8761574071832001,1.0941556943580508
298244,4440903,1284019,65,0,0.5147106479853392,0.5220504743047059
298245,2830419,795014,67,1,0.1810185187496245,2.176005301065743
298246,1674997,297254,41,0,0.5662384261377156,0.5764633100479841
298247,1687022,299180,193,0,0.4324305555783212,0.8628767360933125
298248,3692224,1084771,64,0,0.33671296294778585,0.7016229168511927
298249,2851746,803508,64,0,0.2635763888247311,0.26487812492996454
298250,2550961,666349,122,0,0.5195601852610707,0.7018212038092315
298251,4447559,1286644,65,0,0.3567361109890044,0.3684168979525566
298252,2101264,474961,66,0,0.8494560183025897,0.8722131135873497
298253,5513048,1662120,97,1,0.2593171298503876,0.2631284953095019
298254,1853700,353838,6,0,0.6155208335258067,0.6308767129667103
298255,471024,92935,67,1,0.7004050924442708,0.7166513078846037
298256,6599666,2247935,41,0,0.46229166677221656,0.47211184026673436
298257,6599653,2247934,42,0,0.462199074216187,0.4668208910152316
298258,488210,95347,138,0,0.2242592591792345,0.3841198147274554
298259,1823974,342305,112,0,0.7358449073508382,0.7697490160353482
298260,5519071,1668878,64,0,0.751273148227483,0.7659968635998666
298261,2839253,798208,16,0,0.4359606481157243,1.1429568864405155
298262,6811998,2415224,41,1,0.11401620367541909,0.14243432879447937
298263,150494,25137,122,0,0.8623379631899297,0.8932792246341705
298264,1530498,243742,41,0,0.5042476849630475,0.5137741551734507
298265,6442669,2203794,42,0,0.4928009258583188,0.49597585666924715
298266,307827,57440,9,1,0.4101041667163372,2.227092742919922
298267,6556216,2239239,66,1,0.8223148146644235,0.8289137962274253
298268,2017701,458918,112,0,0.8682638891041279,0.9330494212917984
298269,3699707,1086415,73,0,0.17337962985038757,0.2028010068461299
298270,5292283,1581744,67,1,0.37361111119389534,0.4278030670247972
298271,1606814,262389,42,0,0.7115740738809109,0.8516620718874037
298272,2831513,789417,64,0,0.2163425926119089,0.23619295144453645
298273,1583762,260002,123,1,0.8074884261004627,0.8325907406397164
298274,7030300,2485553,65,0,0.11344907386228442,0.12596270814538002
298275,37834,6410,122,0,0.32086805533617735,0.39012974547222257
298276,4459608,1292248,65,0,0.24086805572733283,0.2480693170800805
298277,3686207,1083446,64,0,0.70059027755633,1.0857540857978165
298278,148812,25250,42,0,0.7869097222574055,1.005316169001162
298279,2764580,767714,67,1,0.4265277776867151,1.5252560302615166
298280,2106584,477363,65,0,0.934282407630235,0.9447873611934483
298281,6129862,2021821,122,0,0.8457638886757195,0.8886948609724641
298282,2029378,459865,67,1,0.19762731483206153,1.3348543285392225
298283,5511973,1656101,140,0,0.7770833331160247,0.9942347221076488
298284,2791466,787050,44,0,0.7345601851120591,0.7520161224529147
298285,5513705,1664039,97,0,0.15685185184702277,0.2352685765363276
298286,4439467,1283329,64,0,0.44968750001862645,0.5355812152847648
298287,2510984,646456,125,0,0.5667129629291594,0.6480270833708346
298288,5907127,1949671,123,0,0.174108796287328,1.1032365392893553
298289,493936,96419,177,0,0.4922222220338881,0.5515853124670684
298290,2101186,474922,16,0,0.8671296294778585,0.8928411342203617
298291,4408899,1270100,144,0,0.08918981486931443,19.434234756976366
298292,4441413,1284269,140,0,0.5872569442726672,0.6120107406750321
298293,4428343,1278428,65,0,0.7532523148693144,0.7755254050716758
298294,486515,95098,138,0,0.8074189815670252,0.8418401386588812
298295,6873548,2444452,66,0,0.3918055556714535,0.42312396969646215
298296,4396372,1267810,65,0,0.23223379626870155,0.25041217589750886
298297,36683,9140,42,0,0.09300925908610225,0.18178799748420715
298298,3684748,1083113,136,0,0.583564814645797,0.960227650590241
298299,144298,25093,42,0,0.07564814807847142,0.1315138773061335
298300,1668467,295657,42,0,0.84039351856336,0.8493329859338701
298301,531301,104411,136,0,0.848229166585952,0.8517926968634129
298302,6984150,2468296,44,0,0.6612152778543532,0.7318282062187791
298303,7400793,2720028,64,0,0.4218055554665625,0.5356098958291113
298304,6867121,2440433,66,0,0.45785879623144865,0.49915164336562157
298305,6628414,2251460,65,0,0.8449884257279336,0.8511628010310233
298306,2806865,789333,64,0,0.8865509261377156,0.8898601159453392
298307,208909,27430,44,1,0.8029976850375533,0.8658088310621679
298308,6206982,2039252,42,0,0.3527199071832001,0.35374918999150395
298309,6461426,2209335,64,0,0.5052546295337379,0.6207624305970967
298310,7034341,2489056,66,0,0.5962731479667127,0.7331607639789581
298311,532024,104426,136,0,0.8439236111007631,0.855268981307745
298312,2837591,789417,64,0,0.4923611111007631,0.6025275001302361
298313,6254772,2056449,63,1,0.35464120376855135,2.2575820023193955
298314,292144,51932,42,0,0.789224537089467,0.7900601387955248
298315,7037562,2492038,68,0,0.8825462963432074,0.8830473031848669
298316,6435206,2201947,123,0,0.032986111007630825,0.038101678248494864
298317,5458304,1635646,285,0,0.11596064828336239,0.6052028010599315
298318,2580411,671022,9,1,0.3604166666045785,0.3621988659724593
298319,2864991,809005,66,0,0.6671990742906928,0.6956060878001153
298320,1808297,337489,41,0,0.2747685187496245,0.2848322684876621
298321,6516516,2235972,42,0,0.33087962958961725,0.43313321750611067
298322,5360637,1609505,42,0,0.8280092594213784,0.9217672222293913
298323,145951,23699,122,0,0.24657407402992249,0.29361640056595206
298324,7416816,2725165,65,0,0.25459490763023496,0.26454745372757316
298325,5124622,1531974,65,0,0.4184259260073304,1.4237082521431148
298326,3723055,1091524,64,0,0.5565046295523643,0.6207856712862849
298327,4458910,1291926,65,0,0.35805555572733283,0.3721727547235787
298328,3639892,1077581,67,0,0.04057870386168361,0.0805110763758421
298329,2652958,680832,67,1,0.4286805554293096,1.5216934606432915
298330,1662842,295163,42,0,0.6720486111007631,0.9004132985137403
298331,4408518,1266908,64,0,0.7751620369963348,0.8043330786749721
298332,5342570,1604209,67,1,0.2953935186378658,0.29952704859897494
298333,7338718,2698045,41,0,0.6493750000372529,0.658676516264677
298334,513658,100772,64,0,0.4237847221083939,0.5356581481173635
298335,4415908,1273180,65,0,0.9777777777053416,0.9822423728182912
298336,2658656,680540,67,1,0.2893402776680887,0.31689969915896654
298337,2579251,671284,6,0,0.3185532409697771,0.3199086803942919
298338,2470730,641355,47,0,0.6706828703172505,0.6941221295855939
298339,1363338,238483,41,0,0.6359259258024395,0.6701106019318104
298340,6081972,2013569,41,0,0.2509375000372529,0.27467825217172503
298341,5039441,1506385,155,0,0.5886458335444331,1.7828921526670456
298342,207876,27677,122,0,0.3821643516421318,0.38330884277820587
298343,309349,57658,6,0,0.24030092591419816,0.24138452531769872
298344,5977297,1971238,125,0,0.5790509260259569,0.5844508679583669
298345,1848756,350409,9,1,0.4096296294592321,0.7205985765904188
298346,2550871,666337,122,0,0.8349999999627471,0.9305664468556643
298347,546756,85204,136,0,0.1442939816042781,0.14631562493741512
298348,6924289,2461452,116,0,0.2269560187123716,0.4324592361226678
298349,204326,27405,44,1,0.901782407425344,1.0612729052081704
298350,2852690,803847,22,0,0.368159722071141,0.6468900460749865
298351,411565,85963,64,0,0.5892013888806105,0.7016895599663258
298352,2055441,461479,67,1,0.4266203702427447,0.8038375577889383
298353,6866277,2439861,67,1,0.14593750005587935,0.1499364352785051
298354,1674492,297233,41,0,0.4412152776494622,0.4514753702096641
298355,5380250,1611658,67,1,0.3967129630036652,2.264227314852178
298356,2109902,478888,17,0,0.8642708333209157,0.8709046179428697
298357,1356807,238247,44,1,0.9018055554479361,0.9103785762563348
298358,3674305,1080840,65,0,0.10063657397404313,1.0216885418631136
298359,2104292,476392,64,0,0.6691666664555669,0.7016399307176471
298360,4415218,1272849,65,0,0.9140393519774079,0.9425221988931298
298361,1663672,295245,41,0,0.8802546295337379,0.8899521641433239
298362,7283196,2681103,195,0,0.6566550927236676,1.0630887849256396
298363,2103671,476118,64,0,0.9179513887502253,0.9521197685971856
298364,1979316,450853,67,1,0.317928240634501,0.31811055541038513
298365,5516453,1666517,68,0,0.6777083333581686,0.8380758566781878
298366,1354131,238331,122,0,0.11607638886198401,0.16346880793571472
298367,6635896,2256531,122,0,0.45379629638046026,0.4551389585249126
298368,4446676,1286261,65,0,0.180949074216187,0.18526592571288347
298369,554145,108062,65,0,0.42776620388031006,0.4546696641482413
298370,4343390,1233842,43,0,0.6847685184329748,0.6876684259623289
298371,2809304,789333,64,0,0.5061805555596948,0.5154919675551355
298372,6128597,2015020,41,0,0.40526620391756296,0.4059136575087905
298373,2854372,804575,65,0,0.7940740738995373,0.8111020023934543
298374,6126196,2020721,122,0,0.3080671294592321,0.5553728123195469
298375,2644035,677826,42,0,0.06913194432854652,0.13778950227424502
298376,541249,105860,64,0,0.8888425924815238,0.9521870254538953
298377,3747769,1072917,65,0,0.2803819444961846,0.28958969889208674
298378,7244715,2655535,193,0,0.7648726850748062,0.7775622108019888
298379,3699691,1086411,65,0,0.1878935187123716,0.21439687488600612
298380,2655736,683100,97,1,0.6283796294592321,0.7123448033817112
298381,2510515,646457,125,0,0.5696759261190891,1.3199644214473665
298382,4451325,1288331,65,0,0.9815162038430572,1.0035922452807426
298383,7417666,2725449,96,0,0.8753819442354143,0.8814454399980605
298384,4415973,1273210,136,0,0.978784722276032,1.0845445254817605
298385,2804707,789322,67,1,0.062488425988703966,0.06620074063539505
298386,2100167,474458,17,0,0.5265509258024395,0.7382029397413135
298387,5523255,1672820,68,0,0.4204398146830499,0.48571479180827737
298388,6294950,2070058,66,0,0.9276504628360271,0.9644509488716722
298389,6290773,2066592,95,0,0.18583333352580667,0.20036762719973922
298390,4439211,1283202,66,0,0.2953935186378658,0.5318020484410226
298391,2510120,646485,125,0,0.5669444445520639,1.3199704745784402
298392,5045617,1507696,125,0,0.9737037038430572,0.9873136458918452
298393,503583,98407,68,0,0.831469907425344,0.92533706035465
298394,516611,101419,97,0,0.12556712981313467,0.1566635649651289
298395,6634357,2251479,97,1,0.17118055559694767,0.5423528007231653
298396,1351226,232419,22,0,0.2511805556714535,0.2661308450624347
298397,501717,98146,67,0,0.8598958333022892,1.0803320603445172
298398,1351258,238228,122,0,0.26002314826473594,0.2809886112809181
298399,5996829,1975566,274,0,0.3928819443099201,0.49707499984651804
298400,2870132,811167,97,1,0.08309027785435319,0.08665900444611907
298401,2869437,793792,64,0,0.7372106481343508,0.7585644791834056
298402,6295989,2071070,66,0,0.14607638865709305,0.17971853027120233
298403,516250,101341,144,0,0.0943981483578682,0.20963704865425825
298404,484510,94706,169,0,0.7882870370522141,2.502676898147911
298405,6195804,2038264,44,0,0.9391550924628973,0.9453123263083398
298406,1757471,311527,274,0,0.02098379610106349,0.021019710693508387
298407,3729975,1093070,66,0,0.07001157384365797,0.07811435172334313
298408,6297082,2072109,65,0,0.42913194466382265,0.43499063653871417
298409,2655483,682942,66,0,0.44071759236976504,0.4833384142257273
298410,496393,97031,66,0,0.5042245369404554,0.5457019559107721
298411,1848642,350371,9,1,0.4096643519587815,
298412,1352193,238249,44,1,0.9018981480039656,1.0514177083969116
298413,4461581,1293150,65,0,0.7890277779661119,0.79246681695804
298414,2845196,800955,64,0,0.4208564814180136,0.43260921305045485
298415,6851004,2436602,42,0,0.46516203694045544,0.4727587499655783
298416,2833125,796012,66,0,0.12518518511205912,0.20159324072301388
298417,13807,4457,124,0,0.18453703681007028,0.23092402797192335
298418,3735155,1094254,68,0,0.4664120371453464,0.4903015047311783
298419,4429811,1279082,97,0,0.9616898149251938,1.018247511703521
298420,6294134,2069253,140,0,0.004861111287027597,0.06964865745976567
298421,2857675,806016,64,0,0.5848611108958721,0.620787893421948
298422,2577703,670832,125,0,0.6401736112311482,0.6540537266992033
298423,4463401,1267309,97,1,0.1497685187496245,0.15023103030398488
298424,5925331,1955686,44,0,0.035497684963047504,0.044356122612953186
298425,6275982,2060713,9,0,0.27975694462656975,1.3090031715109944
298426,2994,847,6,0,0.5714930556714535,1.567407256923616
298427,2852789,791628,67,1,0.3735185186378658,0.5004644906148314
298428,3723711,1091672,65,0,0.21509259240701795,0.2199105671606958
298429,7033700,2488452,65,0,0.7575231483206153,0.7678701849654317
298430,6130255,2021230,42,0,0.3941435185261071,0.39692575251683593
298431,4343555,1233856,42,0,0.7027083332650363,0.7103122686967254
298432,410234,85630,64,0,0.5876504629850388,0.7016520486213267
298433,6639269,2259584,65,0,0.9202546295709908,0.9349792362190783
298434,5407340,1615557,63,1,0.4089467590674758,2.2271040393970907
298435,6900475,2460687,193,0,0.8317708331160247,0.8432423956692219
298436,5282301,1581570,97,1,0.8463888890109956,2.5043512037955225
298437,2869620,810951,17,0,0.8240856481716037,0.8305214699357748
298438,2875845,813166,64,0,0.33869212958961725,0.3525686343200505
298439,550348,107449,67,1,0.17656250018626451,0.18040806706994772
298440,1825152,342405,193,0,0.9736921298317611,0.9816352892667055
298441,5817037,1938017,112,0,0.8091319445520639,0.8360582869499922
298442,2856520,805509,66,0,0.28673611115664244,0.3080090507864952
298443,5359370,1608010,112,0,0.45339120365679264,0.4633087613619864
298444,3685194,1083203,66,0,0.6606134260073304,0.9965174421668053
298445,2110332,479100,65,0,0.16969907423481345,0.17404329869896173
298446,6081574,2013456,42,0,0.35078703705221415,
298447,538410,105397,136,0,0.8439699076116085,0.8552790163084865
298448,3702871,1072451,64,0,0.13663194421678782,0.16875475691631436
298449,2864041,808685,65,0,0.6528125000186265,0.65654476871714
298450,3679634,1082016,138,0,0.8439467591233552,0.9099321411922574
298451,4453793,1289481,65,0,0.39353009266778827,0.3978644097223878
298452,1655732,294093,67,1,0.2953703701496124,0.2990681827068329
298453,3755579,1098912,66,0,0.9176620370708406,0.940736701246351
298454,2663276,689108,66,1,0.9606249998323619,0.9769386807456613
298455,5289206,1581741,67,1,0.2895717592909932,0.3159855785779655
298456,5188886,1548827,41,0,0.9739467594772577,1.0175007521174848
298457,6081851,2013569,41,0,0.2509375000372529,0.2918180786073208
298458,6016822,1994458,19,0,0.2942476850003004,0.3548168633133173
298459,1963300,445040,116,0,0.848067129496485,0.856178495567292
298460,412034,86080,64,0,0.5899074072949588,0.7016918635927141
298461,1356719,238366,41,0,0.9009953704662621,0.9109415854327381
298462,6052240,2007666,97,1,0.5949537036940455,0.7128926506265998
298463,2658652,680540,67,1,0.2893402776680887,0.294471041765064
298464,2659010,685926,67,0,0.8843518518842757,0.9201688426546752
298465,395007,84458,63,1,0.8483101851306856,0.875682685058564
298466,3743794,1096229,65,0,0.4076620368286967,0.41199890058487654
298467,5360134,1609310,42,0,0.8167824074625969,1.207196157425642
298468,5513730,1664064,66,0,0.15944444434717298,0.17599273147061467
298469,1351989,238245,48,0,0.8958912035450339,
298470,2077993,465557,67,1,0.2983101853169501,0.30210181698203087
298471,2110383,479126,16,0,0.48576388880610466,0.48867987282574177
298472,1756820,310888,274,0,0.8964004628360271,0.9031497687101364
298473,2848985,789417,64,0,0.6482060183770955,0.6614844328723848
298474,3686428,1083495,66,0,0.7337962961755693,0.8870983794331551
298475,6052967,1994424,97,1,0.43167824065312743,0.43551025446504354
298476,1655401,294043,67,1,0.21815972216427326,0.28470792807638645
298477,3721711,1091249,64,0,0.4592129630036652,0.6207853821106255
298478,204612,27412,122,0,0.5625578705221415,0.586343287024647
298479,3732152,1093605,64,0,0.41915509244427085,0.5356287616305053
298480,148192,25242,41,0,0.5248148147948086,0.5346064697951078
298481,2804533,789318,67,1,0.06247685197740793,0.06285973358899355
298482,6299506,2074318,66,0,0.9684143518097699,0.9686014237813652
298483,5924636,1955737,42,0,0.5462615741416812,0.6517457058653235
298484,1856026,355883,7,1,0.14758101850748062,0.15468456037342548
298485,5153559,1536910,42,0,0.7469328702427447,1.2777931136079133
298486,2098924,473930,136,0,0.34013888891786337,0.3402960766106844
298487,6441383,2203372,47,0,0.9249652777798474,28.05330518539995
298488,3770164,1102296,66,0,0.1978356479667127,0.2302649188786745
298489,5518704,1668523,64,0,0.08497685194015503,0.09683513874188066
298490,1663278,295157,42,0,0.5756481480784714,0.7554970835335553
298491,2018392,458919,42,0,0.5452314815483987,0.5678834142163396
298492,7355966,2703855,116,1,0.8271874999627471,0.8317733216099441
298493,7355686,2703837,116,1,0.33790509263053536,0.34292214130982757
298494,535205,94327,138,0,0.7918981481343508,0.8048763540573418
298495,2575708,671035,9,1,0.46207175916060805,2.265819097403437
298496,4449884,1287628,65,0,0.891886574216187,0.8980493750423193
298497,6923863,2462718,97,1,0.9182060183957219,1.4316601157188416
298498,2885235,789575,64,0,0.5738773150369525,0.5872843516990542
298499,4461393,1293057,65,0,0.3754398147575557,0.39665770810097456
298500,2878453,814240,67,1,0.04180555557832122,0.04212223365902901
298501,3762869,1074096,64,0,0.037187499925494194,0.046064398251473904
298502,1362575,232448,158,0,0.0365046295337379,0.040648738387972116
298503,6901304,2460687,193,0,0.8595601851120591,0.8701364584267139
298504,3721968,1091313,64,0,0.5016666664741933,0.6207662848755717
298505,3605872,1071201,276,0,0.00793981458991766,0.040319432970136404
298506,2874084,812506,65,0,0.28734953701496124,0.2924534259364009
298507,5518257,1668078,66,0,0.7163078705780208,0.8457804396748543
298508,2804766,789328,136,0,0.0523495371453464,0.054335624910891056
298509,13,0,8,0,0.5871527777053416,0.6131196180358529
298510,1655310,294054,67,1,0.42660879623144865,1.5252518285997212
298511,6085071,2013568,41,0,0.6545717590488493,0.6749096992425621
298512,2791687,787027,44,0,0.03601851873099804,0.043458680622279644
298513,5288142,1582081,174,0,0.845983796287328,0.940745729021728
298514,2657860,684801,66,0,0.2622453705407679,0.2984606367535889
298515,4420448,1275277,65,0,0.32576388865709305,0.33125564828515053
298516,7416937,2725206,64,0,0.25498842587694526,0.2656668401323259
298517,4417588,1273932,66,0,0.621655092574656,0.6743343863636255
298518,3683679,1082946,136,0,0.4530092594213784,2.083756932988763
298519,7401025,2720106,64,0,0.4219560185447335,0.5356278819963336
298520,516306,101355,66,0,0.09530092589557171,0.2927013887092471
298521,7032215,2487012,65,0,0.6719791665673256,0.6771050924435258
298522,548345,107101,64,0,0.3388194446451962,0.352612164337188
298523,6600139,2247965,41,0,0.3995833331719041,0.4098137151449919
298524,7415101,2724597,79,0,0.7244444442912936,0.7883875695988536
298525,89815,13260,274,0,0.4290393516421318,0.4576713312417269
298526,121627,23712,122,0,0.7201273147948086,0.7724700113758445
298527,7035740,2490375,64,0,0.084965277928859,0.0968065275810659
298528,2296,773,7,0,0.20347222220152617,6.1819252776913345
298529,2099132,474029,65,0,0.18512731464579701,0.26839902764186263
298530,6299752,2074562,64,0,0.9346990738995373,0.9354446525685489
298531,2107153,477641,19,0,0.18737268541008234,0.19407993042841554
298532,4343218,1233889,44,0,0.5479513891041279,0.5729132178239524
298533,5522846,1672416,65,0,0.9722800925374031,0.9797453470528126
298534,5817167,1938040,112,0,0.9849537038244307,1.0430609951727092
298535,1825146,342573,112,0,0.5622106483206153,0.5738199767656624
298536,2663022,687819,67,1,0.14596064807847142,0.1499459375627339
298537,502379,98285,66,0,0.9381712963804603,0.9690463193692267
298538,2860190,807079,79,0,0.5001273145899177,0.5404459955170751
298539,40738,8829,122,0,0.8663888890296221,0.8700577197596431
298540,2110852,479352,17,0,0.9081828705966473,0.9148521758615971
298541,5106612,1527670,158,0,0.43027777783572674,0.4688110649585724
298542,390644,84028,138,0,0.9518287037499249,0.999431608710438
298543,488029,95343,66,0,0.2146064816042781,0.4118148726411164
298544,2836327,797163,66,0,0.3051967592909932,0.5272229164838791
298545,5177480,1544817,81,0,0.618611111305654,1.0869983448646963
298546,2029146,459860,67,1,0.31056712940335274,0.8037674422375858
298547,2868531,810519,16,0,0.4148958334699273,0.4437078358605504
298548,545057,106494,97,0,0.08390046283602715,0.13144292822107673
298549,7285953,2678585,280,0,0.22671296307817101,0.227128345053643
298550,5908067,1949999,42,0,0.1565046296454966,0.157400902826339
298551,1711139,303272,42,0,0.204386574216187,0.2103991317562759
298552,39193,9235,42,0,0.15486111119389534,0.15806878451257944
298553,2101486,475050,16,0,0.42746527772396803,0.430545995477587
298554,1851874,352251,10,0,0.6968634258955717,1.066469594836235
298555,2831130,795257,66,0,0.20747685199603438,0.2391341202892363
298556,4395948,1267638,68,0,0.11378472205251455,0.2366879628971219
298557,371995,79174,97,1,0.35824074083939195,1.5177666549570858
298558,2859343,806728,19,0,0.9589814813807607,1.2912620487622917
298559,1824513,342322,116,0,0.8188078701496124,0.8304006597027183
298560,7038497,2492903,65,0,0.5216782409697771,0.5424212384968996
298561,5510496,1661633,68,0,0.052453703712671995,0.07540141185745597
298562,6636444,2257059,73,0,0.5019444446079433,0.5300417593680322
298563,4431200,1279733,65,0,0.7336458335630596,0.7617706367745996
298564,7353133,2703176,119,0,0.2988888886757195,0.95258949091658
298565,307590,57431,67,1,0.31824074080213904,1.3542988775298
298566,5891911,1947660,112,0,0.9888888890855014,1.043062106706202
298567,152245,25310,122,0,0.7949305553920567,0.8183093057014048
298568,2862777,808185,136,0,0.007083333563059568,0.008348518516868353
298569,7337321,2699481,42,0,0.4926504627801478,0.5065404511988163
298570,493918,96415,141,0,0.4939236110076308,0.5978816668502986
298571,3693767,1085148,64,0,0.5859837965108454,0.7016786918975413
298572,6130976,2022101,123,0,0.47981481486931443,0.49405394680798054
298573,6870101,2441854,138,0,0.7444444443099201,0.7790766782127321
298574,2535807,663168,192,0,0.1822800925001502,0.18345648143440485
298575,1363478,238486,42,0,0.4608680554665625,0.4662653123959899
298576,2004470,455953,169,0,0.46444444451481104,0.465574745554477
298577,1986470,452176,42,0,0.6561574074439704,0.6652749767526984
298578,3713372,1072451,64,0,0.7990624997764826,0.826912303455174
298579,502871,98328,138,0,0.9518865742720664,1.0067691784352064
298580,5973221,1971246,65,0,0.2356712962500751,3.4343645949847996
298581,2017302,458851,42,0,0.6616087961010635,0.6626469329930842
298582,2846768,801454,65,0,0.6250231480225921,0.6296975696459413
298583,1530862,243800,41,0,0.9424421298317611,0.9527036459185183
298584,37886,6451,42,0,0.3257870371453464,0.5905638309195638
298585,2809548,791104,68,0,0.6544097224250436,0.691133055370301
298586,405818,85242,67,1,0.1959259258583188,1.3541922802105546
298587,6924528,2462787,122,0,0.4597106482833624,0.46086429385468364
298588,2111440,475363,19,0,0.5145949074067175,0.5149898841045797
298589,1710304,303351,42,0,0.7775462963618338,1.362129293847829
298590,4412521,1271530,140,0,0.7543634260073304,0.7946378821507096
298591,1962552,444923,112,0,0.7452777777798474,0.7697271876968443
298592,7244070,2659738,112,0,0.29307870380580425,0.29394452553242445
298593,6131115,2021855,41,0,0.1910300925374031,0.20146570587530732
298594,1826143,342671,112,0,0.9811226851306856,1.0430571641772985
298595,1662862,295163,42,0,0.7139120372012258,0.9004134144634008
298596,1743561,307740,42,0,0.5460879630409181,0.5661229747347534
298597,5833223,1940477,67,1,0.26153935166075826,2.1747334953397512
298598,6492278,2233511,42,0,0.6696643517352641,0.6705108447931707
298599,5338285,1602716,42,0,0.16357638873159885,0.2926954049617052
298600,2101538,475075,97,0,0.08695601858198643,0.14933031238615513
298601,1854299,354389,6,0,0.7184374998323619,0.7328556599095464
298602,3175,799,9,1,0.30481481458991766,0.6645308216102421
298603,552057,98992,65,0,0.8976851850748062,0.900409166701138
298604,1606692,264666,42,0,0.042615740559995174,0.6835240046493709
298605,1825255,342610,112,0,0.8010995369404554,0.8360606133937836
298606,1674748,295657,42,0,0.7769560185261071,0.7784948032349348
298607,482770,85141,169,0,0.735185184981674,1.0868928241543472
298608,1852467,352777,6,0,0.8845370369963348,0.8932184954173863
298609,2805887,789604,65,0,0.7274421295151114,0.745251979213208
298610,2874198,791142,43,0,0.5986458333209157,0.6492762845009565
298611,5517600,1667435,66,0,0.8380439816974103,0.8746067476458848
298612,5516748,1662593,67,1,0.6713773147203028,0.6778407525271177
298613,2840095,798568,19,0,0.5436921296641231,1.0435249307192862
298614,1939108,430515,64,0,0.7556597222574055,0.8661915394477546
298615,3549338,1042511,42,0,0.06968750013038516,0.07058230321854353
298616,7001476,2470964,112,0,0.8053819444030523,0.8363071526400745
298617,1825275,342610,112,0,0.8010995369404554,0.8360608913935721
298618,6556161,2239238,42,0,0.8279282408766448,0.963866701349616
298619,4343088,1233868,43,0,0.6511574075557292,1.2970939581282437
298620,1360323,238164,42,0,0.6145138889551163,0.6183496182784438
298621,5520675,1670422,65,0,0.6470601852051914,0.6694421414285898
298622,3572060,1052771,119,0,0.049305555410683155,0.05540277762338519
298623,3693960,1085196,64,0,0.5864467592909932,0.7016787845641375
298624,2861865,789333,64,0,0.8032291666604578,0.828670000191778
298625,5510916,1662011,97,0,0.08473379630595446,0.13735034735873342
298626,3728593,1072451,64,0,0.8026851853355765,0.8269109954126179
298627,2805556,789481,66,0,0.2522800927981734,0.283181712962687
298628,2831754,789333,64,0,0.2192592592909932,0.23197237262502313
298629,2852385,789417,64,0,0.31670138891786337,0.4295049998909235
298630,6126503,2021274,122,0,0.2517939815297723,0.2659906828776002
298631,1658787,294356,41,0,0.13892361102625728,1.7098577432334423
298632,7396526,2718701,144,0,0.08952546305954456,21.993385185021907
298633,89583,13028,274,0,0.979606481269002,1.0170387849211693
298634,3729666,1093024,66,0,0.1830671294592321,0.199155081063509
298635,3571458,1051711,116,0,0.6227430556900799,0.6285278243012726
298636,405394,85233,67,1,0.18107638880610466,2.1760082985274494
298637,7277852,2678668,43,0,0.22998842597007751,0.9619818865321577
298638,6130287,2021906,116,0,0.5731018516235054,0.6425769329071045
298639,2097535,473356,138,0,0.1801504627801478,0.38412618078291416
298640,7282699,2680982,193,0,0.2118055555038154,14.406179444398731
298641,3608356,1072399,65,0,0.023124999832361937,0.18056766223162413
298642,472211,84018,43,0,0.7254976853728294,0.8404951621778309
298643,7011839,2473387,67,1,0.435115740634501,2.264016064815223
298644,2856745,805609,66,0,0.2924537034705281,0.3346680901013315
298645,3729290,1073107,64,0,0.7755787037312984,0.7871898147277534
298646,1986153,453074,44,0,0.550208333414048,0.5806740508414805
298647,2662495,688677,65,0,0.4921064814552665,0.49819244211539626
298648,1358505,238388,122,0,0.3323032408952713,0.35370377311483026
298649,4435723,1281767,66,0,0.4591435184702277,0.5159608446992934
298650,2850822,789333,64,0,0.2642245371825993,0.2766292938031256
298651,2876780,813600,66,0,0.45915509248152375,0.5141179515048862
298652,146568,25206,46,0,0.29512731498107314,0.3019539350643754
298653,4425308,1277030,66,0,0.26309027755632997,0.29983381927013397
298654,6871201,2442683,64,0,0.3598495372571051,0.3613567012362182
298655,7037462,2491938,67,0,0.17496527777984738,0.17506921291351318
298656,2003813,455720,63,1,0.4087384259328246,2.1789057292044163
298657,2106549,477346,24,0,0.9230324071832001,0.9277627198025584
298658,5391976,1614238,44,1,0.9572569443844259,1.0308621414005756
298659,7338192,2699906,42,0,0.6197337964549661,0.6630313196219504
298660,1938878,430432,67,1,0.2615162036381662,0.5425366433337331
298661,7396871,2718724,138,0,0.5006249998696148,1.254356574267149
298662,5288623,1582295,136,0,0.7917592590674758,0.8745985995046794
298663,5523460,1673021,136,0,0.6023263889364898,0.6075399536639452
298664,37187,6400,42,0,0.5917476853355765,0.6000087498687208
298665,1824870,342462,195,0,0.8764120368286967,5.913165312726051
298666,6516597,2235985,43,0,0.4376736111007631,0.5387750696390867
298667,6296900,2071930,73,0,0.5016666664741933,0.5449711340479553
298668,7397890,2719061,64,0,0.5871527777053416,0.6207135184668005
298669,5513853,1664182,97,0,0.16743055544793606,0.23631012719124556
298670,3764206,1095612,136,0,0.0459374999627471,0.047917152754962444
298671,7364781,2704842,337,0,0.11533564794808626,1.6875730324536562
298672,6872511,2443542,66,0,0.7021296294406056,0.738043321762234
298673,501379,98074,65,0,0.8340393519029021,1.3335238080471754
298674,7033198,2487958,66,0,0.12678240751847625,0.18980164360255003
298675,6556373,2239301,136,0,0.5840046294033527,1.2922646296210587
298676,2656284,683398,67,1,0.17621527798473835,0.18027611123397946
298677,5118186,1530102,141,1,0.31982638873159885,0.3383645717985928
298678,6081860,2013569,41,0,0.2509375000372529,0.29110800940543413
298679,4414552,1272517,64,0,0.8857870372012258,0.9521198379807174
298680,4421635,1275778,65,0,0.9918634258210659,0.9985200692899525
298681,1822969,342072,194,0,0.8897453704848886,0.8944713077507913
298682,4425720,1277234,64,0,0.29437500005587935,0.2951180785894394
298683,2569384,669138,70,0,0.7237731483764946,0.7260277313180268
298684,1979033,450865,97,1,0.5944328703917563,0.6950692823156714
298685,6022464,1996233,19,0,0.5675810184329748,0.5954566784203053
298686,2579231,671277,125,0,0.2675694446079433,0.2812904743477702
298687,2841624,799278,19,0,0.786018518730998,40.649935046210885
298688,6189702,2036682,140,0,0.2976967594586313,1.2622197568416595
298689,3734970,1094207,66,0,0.4621527777053416,0.4747291896492243
298690,5524546,1674063,65,0,0.7122916667722166,0.7204810646362603
298691,1824147,342306,112,0,0.7385995369404554,0.7698421641252935
298692,2111528,479676,68,0,0.04716435167938471,0.05498523125424981
298693,5244987,1561016,116,0,0.9299189816229045,0.9335876386612654
298694,517379,91907,66,0,0.25940972240641713,0.2816785187460482
298695,516252,101341,144,0,0.0943981483578682,0.20963704865425825
298696,144543,23688,42,0,0.22557870391756296,0.23086998844519258
298697,4445031,1285583,97,0,0.20778935169801116,0.23596247704699636
298698,3707409,1072615,43,0,0.12682870356366038,0.2245037849061191
298699,6212251,2041307,160,1,0.8411689815111458,0.8627930553629994
298700,2837089,797525,64,0,0.25505787041038275,0.265709166880697
298701,6130286,2021906,116,0,0.5731018516235054,0.6425769212655723
298702,2875599,813046,97,0,0.31575231486931443,0.37193081015720963
298703,6129712,2015003,46,0,0.07664351863786578,0.12637040531262755
298704,2577769,670826,125,0,0.6402662037871778,0.6578694791533053
298705,7243855,2659649,119,0,0.6999884257093072,0.7194845834746957
298706,3757695,1074096,64,0,0.4194675926119089,0.43201263900846243
298707,2103895,476225,64,0,0.8345833332277834,0.8661878705024719
298708,5243604,1560257,119,0,0.20098379626870155,0.21902269683778286
298709,2878654,789793,64,0,0.0439236112870276,0.06270672474056482
298710,1299777,232473,44,1,0.8045601854100823,1.0767935877665877
298711,4393987,1266917,66,0,0.29372685169801116,0.35384512739256024
298712,143492,25116,47,0,0.6287847221828997,0.6458723726682365
298713,6811415,2415201,97,1,0.6433564815670252,1.4070145371370018
298714,5518485,1668304,64,0,0.08480324083939195,0.0967847453430295
298715,7034553,2484074,141,0,0.7660069442354143,0.8250107984058559
298716,492201,96174,138,0,0.3534722221083939,0.4062740048393607
298717,7400774,2720022,64,0,0.4218055554665625,0.5356228472664952
298718,513972,100844,97,0,0.4989236108958721,0.5173699650913477
298719,2837457,797663,20,0,0.25645833322778344,0.25757772009819746
298720,2852191,794282,67,1,0.292256944347173,0.40034576365724206
298721,4459891,1292367,65,0,0.7017129631713033,0.7110524191521108
298722,2097243,473280,23,0,0.15680555533617735,0.6016940739937127
298723,2102853,475721,17,0,0.8002777779474854,1.0707360417582095
298724,541727,105976,66,0,0.9172106483019888,0.9260983215644956
298725,6556133,2239238,42,0,0.8279282408766448,0.9638675693422556
298726,3721776,1091265,64,0,0.4594560186378658,0.6207697452045977
298727,5469196,1640352,192,0,0.6257291664369404,0.6289861807599664
298728,6206840,2039205,194,0,0.762430555652827,0.8263227315619588
298729,3734891,1094188,67,0,0.46196759259328246,0.49033266212791204
298730,472569,84379,138,0,0.728796296287328,0.7608425696380436
298731,6871431,2441562,67,1,0.1251041665673256,0.12907921290025115
298732,2017781,458918,112,0,0.8682638891041279,0.9330503470264375
298733,6131010,2020974,42,0,0.9184837960638106,0.9216032293625176
298734,6556157,2239238,42,0,0.8279282408766448,0.963867673650384
298735,2018638,458958,41,0,0.9424189813435078,0.9560454050078988
298736,3677412,1081539,65,0,0.2814583331346512,1.1019717012532055
298737,5287323,1581736,67,1,0.28940972220152617,1.3541449303738773
298738,2834320,796463,66,0,0.37560185184702277,0.3891833331435919
298739,4410297,1270457,136,0,0.4541319445706904,1.254619271028787
298740,547143,95500,67,1,0.3129050927236676,0.3130106828175485
298741,6558384,2240452,123,0,0.6335069444030523,0.6633878704160452
298742,2803977,789227,123,0,0.9024421297945082,0.9086233912967145
298743,6295264,2070359,65,0,0.7601273148320615,0.7713157059624791
298744,6629211,2252060,64,0,0.1250347220338881,0.17064494220539927
298745,4413386,1271954,136,0,0.8042361112311482,0.8541366318240762
298746,144863,23697,42,0,0.08471064828336239,0.08550665527582169
298747,7245447,2660535,112,0,0.42902777763083577,0.4802775694988668
298748,5243623,1560265,193,0,0.2380439816042781,0.24830714100971818
298749,2103420,475994,16,0,0.9854513891041279,1.010005520656705
298750,2109502,478693,64,0,0.5014467593282461,0.5052632871083915
298751,4461134,1292934,65,0,0.889814815018326,0.8951267590746284
298752,5520242,1670011,65,0,0.5236226851120591,0.5274706017225981
298753,4453900,1289533,64,0,0.3947337963618338,0.4034805092960596
298754,3762789,1100547,66,1,0.03612268529832363,0.03620214108377695
298755,5287428,1581741,67,1,0.2895717592909932,1.3541450113989413
298756,5520338,1670104,136,0,0.849467592779547,0.9229562846012414
298757,7035378,2490013,140,0,0.563460648059845,0.5758997569791973
298758,5516942,1666812,65,0,0.7712847222574055,0.7759102201089263
298759,517297,101538,67,0,0.26560185197740793,0.3216483797878027
298760,3715177,1073013,138,0,0.8211342594586313,0.8500656946562231
298761,1354999,238347,41,0,0.6077662035822868,0.615825995337218
298762,5244867,1560951,112,0,0.2949305553920567,0.31108236126601696
298763,4393988,1266918,65,0,0.3333449074998498,0.3514250461012125
298764,6489023,2232884,41,0,0.9510648148134351,0.9554808563552797
298765,6289809,2065728,97,0,0.542280092369765,0.5684224423021078
298766,3721508,1091198,64,0,0.42067129630595446,0.6207846873439848
298767,1755088,309166,274,0,0.06306712981313467,0.1191251389682293
298768,6502829,2234866,97,1,0.1752546294592321,0.17914460645988584
298769,532969,104512,136,0,0.8458796297200024,0.8587514813989401
298770,539721,105564,136,0,0.8462384259328246,0.8545434027910233
298771,4437653,1281380,136,0,0.16574074095115066,0.17402444453909993
298772,6294693,2069803,96,0,0.8858912037685513,0.9469034490175545
298773,3691745,1084679,65,0,0.9783449075184762,0.9851208333857358
298774,1606237,264542,194,0,0.2514004628174007,1.1388958217576146
298775,2661440,687847,97,0,0.12715277774259448,0.17310982616618276
298776,2838146,789264,64,0,0.5179166668094695,0.5313116433098912
298777,2809312,791080,22,0,0.5065972222946584,0.8950253818184137
298778,6901190,2460687,193,0,0.17204861110076308,0.1865485878661275
298779,2078160,465627,67,1,0.6713773147203028,1.5442446758970618
298780,6637405,2257874,122,0,0.6976273148320615,1.688310763798654
298781,5341922,1603992,67,1,0.31010416662320495,1.3541766433045268
298782,5046819,1507848,44,0,0.7124189813621342,0.7137532061897218
298783,5503604,1655912,68,0,0.07429398130625486,0.10714034736156464
298784,3641138,1077874,64,0,0.06190972216427326,0.08050385396927595
298785,7012128,2471503,41,0,0.19778935192152858,0.2053862614557147
298786,5467955,1639785,119,0,0.6777777778916061,0.6855095834471285
298787,6873000,2443920,140,0,0.8548263888806105,0.8809334258548915
298788,5177473,1544816,97,1,0.5915625002235174,0.7124232985079288
298789,6635468,2255786,67,1,0.31320601841434836,0.31707081012427807
298790,5106188,1526669,194,0,0.3550231480039656,1.064101330935955
298791,205797,27356,44,1,0.513252314645797,0.5328605785034597
298792,2100862,474771,140,0,0.6184027777053416,1.1337556364014745
298793,5908084,1948584,42,0,0.19082175940275192,0.1981360763311386
298794,7034348,2489063,140,0,0.5985995368100703,2.1738916551694274
298795,3694145,1085242,64,0,0.5867592594586313,0.7016390971839428
298796,6269342,2059714,41,0,0.6718287034891546,0.6815875000320375
298797,555762,108300,67,1,0.00019675912335515022,0.004234050866216421
298798,7011752,2473362,67,1,0.3100925926119089,1.354175659827888
298799,1808055,336270,42,0,0.6252083331346512,0.6328535531647503
298800,407239,85330,63,1,0.35953703708946705,2.1745907752774656
298801,1825667,342610,112,0,0.8010995369404554,0.8360654399730265
298802,2866760,809730,66,0,0.4039930556900799,0.4194637960754335
298803,6642168,2262359,65,0,0.8808912038803101,0.909376434981823
298804,260370,32287,44,1,0.804675925988704,1.0760513194836676
298805,2110415,479142,136,0,0.43806712981313467,0.44349015038460493
298806,390719,84028,138,0,0.9518287037499249,0.9994317940436304
298807,6557773,2240080,97,1,0.3963194442912936,0.4025983912870288
298808,3549147,1043652,48,0,0.020543981343507767,0.029001053422689438
298809,505887,98957,138,0,0.8837152780033648,0.8908101506531239
298810,1757675,311729,274,0,0.016273148357868195,0.016453067306429148
298811,5524075,1673593,65,0,0.4806712963618338,0.49074958311393857
298812,394186,84424,141,0,0.829548611305654,0.8390877894125879
298813,5996434,1975194,274,0,0.26056712958961725,0.30258071748539805
298814,6634596,2255629,67,1,0.2896759258583188,0.28994332160800695
298815,1756992,311060,276,1,0.8593402779661119,0.8671990046277642
298816,6294247,2069366,65,0,0.027789351996034384,0.07810872700065374
298817,489278,95498,67,1,0.31288194423541427,0.4107233681716025
298818,3674439,1080866,144,0,0.10636574076488614,
298819,6556960,2239585,140,1,0.6801736112684011,1.192897071596235
298820,6082239,2013568,41,0,0.250972222071141,0.310235601849854
298821,531087,101608,64,0,0.06916666682809591,0.08078797440975904
298822,5291242,1583395,64,0,0.5466898148879409,0.6207726504653692
298823,5924295,1955717,51,0,0.5266898148693144,0.5648907753638923
298824,5188594,1549380,43,0,0.30111111095175147,0.30741265043616295
298825,149585,25277,41,0,0.39949074061587453,0.4095957987010479
298826,4431987,1280103,138,0,0.44182870350778103,0.4508531135506928
298827,6212212,2041301,42,0,0.23559027770534158,0.23666980303823948
298828,7035410,2490045,64,0,0.08358796313405037,0.08498692139983177
298829,7037725,2492193,136,0,0.972905092407018,1.0580573030747473
298830,553295,107969,67,1,0.14600694458931684,0.14984623854979873
298831,13512,4363,49,0,0.5783217591233552,2.0678284489549696
298832,5525648,1675036,64,0,0.011898148339241743,0.012145173735916615
298833,407326,85331,97,1,0.3598495372571051,2.17459097225219
298834,4439604,1283398,66,0,0.4852662035264075,0.5294601041823626
298835,6641087,2261362,65,0,0.5361689813435078,0.5541996760293841
298836,492939,96282,66,0,0.3689467590302229,0.37815060187131166
298837,7032612,2487388,66,0,0.7790625002235174,0.8274245602078736
298838,3721386,1091167,64,0,0.42038194462656975,0.6207849653437734
298839,1755768,309839,276,0,0.2908912035636604,0.3088644789531827
298840,4436978,1282297,64,0,0.8763541667722166,0.8771439814008772
298841,7030773,2485840,67,1,0.40784722240641713,1.5177766783162951
298842,2840277,798648,19,0,0.5776736112311482,1.0428714584559202
298843,3692322,1084795,64,0,0.3389351852238178,0.7016395023092628
298844,36823,9149,125,0,0.12971064820885658,0.1685956483706832
298845,152603,25310,122,0,0.8060763888061047,0.8183096875436604
298846,501092,98044,138,0,0.9396180557087064,1.0393593981862068
298847,6867006,2440394,66,0,0.3753935187123716,0.41337518533691764
298848,2838805,798088,22,0,0.2443171297200024,1.1305945487692952
298849,209054,27735,42,1,0.7396412035450339,0.7445044326595962
298850,6558479,2240516,42,0,0.6076504630036652,0.6146367243491113
298851,5511888,1662607,141,0,0.6813773149624467,0.9791197567246854
298852,2852508,803757,66,0,0.3276620372198522,0.5764424190856516
298853,2104327,476410,64,0,0.6691666664555669,0.701628275681287
298854,2101021,474842,65,0,0.643831018358469,0.6496062036603689
298855,5885269,1945349,136,0,0.6657754629850388,3.1119159376248717
298856,543981,86391,67,1,0.664212963078171,0.6643044096417725
298857,462655,91177,138,0,0.9204166666604578,0.9382303701713681
298858,6053390,1994424,97,1,0.26078703720122576,0.2647662963718176
298859,7337413,2699679,41,0,0.9218402779661119,0.9316099537536502
298860,482422,94328,138,0,0.7545601851306856,0.8180563887581229
298861,4430098,1279208,95,0,0.21646990720182657,0.39984487276524305
298862,5045166,1507638,9,1,0.40997685166075826,2.227117117960006
298863,263828,33369,97,1,0.9270370369777083,1.5767807406373322
298864,404519,85208,97,1,0.13876157393679023,0.9590384257026017
298865,3722663,1072451,64,0,0.5398495369590819,0.5995235648006201
298866,2834551,796571,65,0,0.28818287048488855,0.3528844444081187
298867,1710619,303369,41,0,0.7132523148320615,0.7232914003543556
298868,5903163,1948649,42,0,0.5654976852238178,0.5739637035876513
298869,2869781,811009,136,0,0.8263078704476357,0.8276321296580136
298870,6869016,2441225,66,0,0.32973379641771317,0.3732510646805167
298871,7365054,2704990,0,0,0.6939699072390795,0.6941713774576783
298872,5040379,1506386,155,0,0.5971296294592321,0.6980080092325807
298873,6558221,2240327,66,1,0.6363657405599952,0.6494766897521913
298874,1355838,238356,44,1,0.4623148147948086,0.48996068304404616
298875,7245446,2660534,120,0,0.5059027778916061,0.5224728472530842
298876,120265,23683,122,0,0.15917824069038033,0.17397565953433514
298877,2868868,810668,95,0,0.43550925934687257,0.442727314773947
298878,511604,100278,97,0,0.5501041668467224,0.615303460508585
298879,2660278,687009,64,0,0.3387500001117587,0.3525829976424575
298880,513780,100800,64,0,0.4741435186006129,0.5356572107411921
298881,3743081,1096059,66,0,0.13755787024274468,0.14893033541738987
298882,4417290,1273784,97,0,0.5867129629477859,0.6427418747916818
298883,415967,86907,64,0,0.671724536921829,0.7016522567719221
298884,7415705,2724798,97,0,0.08696759259328246,0.10870607616379857
298885,340919,62574,93,0,0.0944328703917563,0.09608041681349277
298886,4456120,1290594,65,0,0.45688657416030765,0.4600198264233768
298887,6923591,2462629,43,0,0.8649074072018266,1.110023321583867
298888,2662444,688632,66,0,0.19127314817160368,0.19137958344072104
298889,3690021,1074932,76,0,0.864814814645797,0.8833332522772253
298890,4464110,1294290,64,0,0.7534606480039656,0.7542169559746981
298891,484589,94722,174,0,0.7913541668094695,0.8328426969237626
298892,559987,85330,63,1,0.35953703708946705,0.3611870021559298
298893,40009,6452,42,0,0.7028009258210659,0.7554958104155958
298894,7397222,2718840,64,0,0.5461458335630596,0.6207450809888542
298895,6923257,2462700,97,1,0.6551041668280959,0.7130130785517395
298896,6277817,2061027,6,0,0.4132754630409181,0.4142404282465577
298897,503437,98387,144,0,0.9665856482461095,0.9792418633587658
298898,531590,104413,136,0,0.848356481641531,0.851791643537581
298899,2885856,816758,97,1,0.7506944444030523,0.762846851721406
298900,6195194,2038223,43,0,0.3468055557459593,1.015906157437712
298901,531575,104413,136,0,0.848356481641531,0.8517915741540492
298902,2875333,789333,64,0,0.09093749988824129,0.1341535416431725
298903,2029171,459864,67,1,0.19737268518656492,0.8063893979415298
298904,7037098,2491579,64,0,0.9178935186937451,0.9521224652417004
298905,5514987,1656371,67,1,0.43510416662320495,0.46657826378941536
298906,4450287,1287825,65,0,0.5730671295896173,0.5766482520848513
298907,2104318,476405,64,0,0.6691550924442708,0.701689328532666
298908,341884,63278,93,0,0.46942129638046026,0.47111703688278794
298909,2514387,647790,97,1,0.8053935184143484,2.2271163193508983
298910,6866913,2440322,67,1,0.3735995371825993,0.4004683680832386
298911,4447411,1286581,65,0,0.3549537034705281,0.36665775440633297
298912,1853608,353769,7,0,0.7400462962687016,0.7433160878717899
298913,2808552,790742,64,0,0.45883101830258965,0.5705208680592477
298914,6296087,2071168,64,0,0.7512268517166376,0.7659632754512131
298915,146750,25210,122,0,0.840416666585952,0.8905472219921649
298916,1626677,271285,64,0,0.7565740742720664,0.8668771875090897
298917,5518638,1668457,64,0,0.08481481485068798,0.09684936329722404
298918,89806,13251,275,0,0.40104166651144624,0.478135266341269
298919,7035862,2490496,96,0,0.8782291668467224,3.3095764350146055
298920,1299131,232451,42,0,0.3269675928167999,0.33785473369061947
298921,4432418,1280289,66,1,0.40932870376855135,0.4230861342512071
298922,6874437,2439792,76,0,0.802442129701376,0.8115491434000432
298923,6293632,2068850,64,0,0.501423611305654,0.535617743153125
298924,7000796,2470965,44,0,0.41728009236976504,0.4876061109825969
298925,4415001,1272741,65,0,0.8956828704103827,1.1492036804556847
298926,5359918,1608432,43,0,0.7539583332836628,0.9495713193900883
298927,5870021,1943637,97,1,0.3577199075371027,2.257603611331433
298928,3737960,1094900,140,0,0.20076388865709305,0.20130630768835545
298929,5341745,1603859,42,0,0.19260416645556688,0.5859202430583537
298930,6127392,2021029,41,0,0.9739467594772577,1.0171300345100462
298931,4462871,1281551,64,0,0.7817129627801478,0.7819949071854353
298932,6299018,2073875,136,0,0.7704166667535901,0.7767593981698155
298933,6491801,2233425,41,0,0.915196759160608,0.9163572452962399
298934,503088,98358,138,0,0.9636574075557292,1.0068124537356198
298935,7284973,2678736,42,0,0.7416203701868653,0.7433555438183248
298936,4439464,1283328,64,0,0.44964120350778103,0.5355809261091053
298937,1756599,310667,274,0,0.8798263887874782,0.8857396873645484
298938,4394026,1266934,136,0,0.3314351853914559,1.372041191905737
298939,549671,107342,64,0,0.4626967590302229,0.46372962975874543
298940,6463590,2210878,67,1,0.6854976853355765,0.6890899767167866
298941,3719597,1074096,64,0,0.06956018507480621,0.10749027784913778
298942,1583772,260002,123,1,0.8074884261004627,0.8325908333063126
298943,487824,85214,140,0,0.15668981475755572,0.48782298620790243
298944,4423263,1276099,67,0,0.07594907423481345,0.2582177431322634
298945,482348,94322,64,0,0.1567592592909932,0.1690315855666995
298946,2097066,473192,20,0,0.10641203681007028,2.67778771976009
298947,6130040,2021856,122,0,0.19262731494382024,0.22542248852550983
298948,3608226,1072369,66,0,0.006898147985339165,0.09877517353743315
298949,515089,101104,140,0,0.219722222071141,0.25433766189962626
298950,4392860,1266529,67,1,0.6634027776308358,2.331337754614651
298951,5969853,1971233,42,0,0.6961921295151114,1.0417529284022748
298952,5188894,1548827,41,0,0.9739467594772577,1.0079412152990699
298953,6924162,2462629,43,0,0.8649074072018266,0.9461688310839236
298954,2662275,681580,67,1,0.12517361110076308,0.1287862383760512
298955,5467957,1639787,119,0,0.6777893519029021,0.6839997684583068
298956,2863996,808665,65,0,0.78378472244367,0.7898720717057586
298957,6488878,2232883,41,0,0.02486111130565405,0.03460703697055578
298958,4427251,1277914,16,0,0.22635416686534882,0.34181578690186143
298959,3768781,1101954,65,0,0.9516435186378658,0.9814884257502854
298960,4431403,1279832,65,0,0.8243981483392417,0.8402981595136225
298961,260409,32289,44,1,0.8045138888992369,0.8659456367604434
298962,3691603,1084648,138,0,0.9768981481902301,1.0505210650153458
298963,470434,92903,67,1,0.6851620371453464,0.7244196874089539
298964,2107054,477591,19,0,0.972083333414048,0.9787222570739686
298965,2448240,634090,42,0,0.808194444514811,0.8101950348354876
298966,3190,802,9,1,0.3053703703917563,0.8445867826230824
298967,2077746,465528,15,0,0.14225694444030523,0.7826632061041892
298968,498207,85453,138,0,0.5459606479853392,0.5756408334709704
298969,466637,92039,138,0,0.19843749981373549,0.3129198611713946
298970,470333,92902,67,1,0.6851620371453464,0.7162259491160512
298971,272128,35182,144,0,0.9665740742348135,1.6953616896644235
298972,501319,98069,138,0,0.8255787035450339,1.0470876502804458
298973,6811595,2413649,155,0,0.1772337961010635,0.5849449886009097
298974,7408953,2722631,66,0,0.6691898149438202,0.6814480326138437
298975,6297275,2072263,97,0,0.7955555557273328,0.839259768370539
298976,120344,23688,42,0,0.19533564802259207,0.19866913184523582
298977,2872512,811866,66,1,0.9608217594213784,0.9769396525807679
298978,4445473,1285803,64,0,0.6710185185074806,0.7016832293011248
298979,544201,86394,67,1,0.6649652780033648,0.6674400577321649
298980,5215293,1552820,63,1,0.30462962947785854,1.4854922108352184
298981,2837802,797788,16,0,0.49440972227603197,0.5265173148363829
298982,1853284,353495,10,0,0.8886226853355765,0.9259001621976495
298983,7204994,2639971,65,0,0.005717592779546976,0.17866878490895033
298984,1755430,309502,276,0,0.5664004627615213,0.9357080785557628
298985,5244345,1555312,193,0,0.37209490733221173,0.3740560649894178
298986,557527,102992,138,0,0.199918981641531,0.20056957192718983
298987,4431271,1279768,93,0,0.7355671296827495,0.7370712384581566
298988,2577118,670828,9,1,0.9052314814180136,0.9319676966406405
298989,1549636,249011,194,0,0.14078703708946705,0.25940283574163914
298990,13587,4388,43,0,0.47805555537343025,0.4883733447641134
298991,2573200,670825,9,1,0.8662499999627471,0.8900742707774043
298992,2104644,476541,66,0,0.5426620370708406,0.59154721070081
298993,5995879,1974639,274,0,0.12898148130625486,0.15245625004172325
298994,1356846,238249,44,1,0.9018981480039656,0.9154000114649534
298995,6923413,2462703,97,1,0.6752662034705281,0.7122790277935565
298996,7284855,2681326,42,0,0.30081018526107073,0.30820034723728895
298997,3752063,1098156,65,0,0.9473032406531274,0.9748003357090056
298998,484409,94696,138,0,0.782384259160608,0.8519513080827892
298999,2864079,791089,64,0,0.654004629701376,0.6604776969179511
299000,209209,27456,44,1,0.8027893519029021,0.8197529166936874
299001,409467,85457,66,0,0.5462615741416812,0.7121785068884492
299002,371900,79173,63,1,0.30416666669771075,1.5200795950368047
299003,2569019,669138,70,0,0.8550347220152617,0.8663420137017965
299004,4391192,1266241,67,1,0.6634490741416812,2.331336689647287
299005,1349731,238144,42,0,0.7962268516421318,1.2972924076020718
299006,407455,85331,97,1,0.3598495372571051,0.7927505094558001
299007,7244514,2660018,193,0,0.030335647985339165,0.2642570831812918
299008,2884415,816134,65,0,0.9797916668467224,0.9888834720477462
299009,2017223,457899,42,0,0.8773148148320615,0.8802147917449474
299010,2100762,465547,65,0,0.5864930553361773,0.7583105438388884
299011,2550499,666187,122,0,0.47877314826473594,0.5087820715270936
299012,524565,92039,138,0,0.19843749981373549,0.23830996546894312
299013,484095,94660,138,0,0.7603240739554167,1.8083578241057694
299014,5519006,1668813,65,0,0.7540740738622844,0.7675239350646734
299015,6900659,2461328,44,0,0.5575000001117587,0.563859039451927
299016,4451891,1288579,65,0,0.34791666688397527,0.3515010764822364
299017,503263,98359,138,0,0.9637037036009133,1.0067887962795794
299018,6130579,2020179,193,0,0.4948263890109956,0.49804795160889626
299019,5106519,1527651,60,0,0.9388310187496245,1.1822679745964706
299020,1851575,352038,9,1,0.21689814794808626,2.1478713657706976
299021,4409912,1270375,65,0,0.4013541666790843,1.1831656829454005
299022,6107690,2015107,42,0,0.2171990741044283,0.2198686460033059
299023,7400544,2719945,64,0,0.4205439812503755,0.5355729744769633
299024,144944,25144,41,0,0.33729166677221656,0.3470888310112059
299025,5519987,1669776,66,0,0.6944097219966352,0.739432071801275
299026,7011825,2472572,86,0,0.4190277778543532,1.2720346180722117
299027,6297895,2068194,67,1,0.2879166668280959,0.338466736022383
299028,5288033,1582026,66,0,0.7082754629664123,0.7437693867832422
299029,4448201,1286938,65,0,0.8403125000186265,0.8624017015099525
299030,5380137,1611652,67,1,0.28756944462656975,1.338644282426685
299031,483996,94655,79,0,0.7573495372198522,26.93673413200304
299032,7423734,2727462,136,0,0.8472916665486991,0.8518993402831256
299033,6277918,2060783,9,1,0.4628356480970979,0.4645700231194496
299034,3569614,1050865,193,0,0.03125,0.032607604283839464
299035,2569076,670598,44,1,0.45901620388031006,0.5071912845596671
299036,2515002,648041,67,1,0.2953703701496124,0.29922526609152555
299037,1823286,342216,195,0,0.7905787038616836,0.8156389351934195
299038,5117239,1529674,67,1,0.17469907412305474,1.3348554861731827
299039,6850152,2435483,113,0,0.09754629619419575,7.283285023178905
299040,2882091,815306,67,1,0.08348379610106349,0.08736584475263953
299041,148338,25245,42,0,0.6612384258769453,0.7554968749172986
299042,2842276,799563,97,0,0.8339120368473232,0.8651305553503335
299043,6872471,2443502,95,0,0.4421527776867151,0.5170314931310713
299044,1606971,264628,42,0,0.2699189814738929,0.27830717572942376
299045,2447683,634071,43,0,0.010983796324580908,0.06592618068680167
299046,4394275,1267052,140,0,0.29246527794748545,0.4087389004416764
299047,2515268,647792,67,1,0.4350925926119089,0.5002626734785736
299048,7365327,2705171,0,0,0.13188657397404313,0.13213385408744216
299049,5909093,1950292,42,0,0.7959722219966352,0.7970972801558673
299050,5997375,1976111,276,0,0.8868055557832122,1.0305677661672235
299051,7033119,2487885,65,0,0.08223379636183381,0.3324789581820369
299052,6128492,2014985,43,0,0.27381944423541427,0.30666586803272367
299053,3608386,1072326,136,0,0.023356481455266476,0.02782282419502735
299054,291830,51169,47,0,0.8151967590674758,4.822040162049234
299055,2579789,671332,97,1,0.09447916643694043,0.09854613430798054
299056,2099462,474146,22,0,0.3428472219966352,0.5980693171732128
299057,38410,6407,42,0,0.43273148126900196,0.4397566318511963
299058,5924665,1955728,42,0,0.8724884260445833,0.8737216088920832
299059,2003824,455720,63,1,0.4087384259328246,2.2270842478610575
299060,4448275,1286971,136,0,0.8414814816787839,0.848297256976366
299061,5520436,1670202,66,0,0.2623032405972481,0.29797026608139277
299062,2654770,682301,64,0,0.5877893520519137,0.6207077084109187
299063,2662049,680516,67,1,0.7928009261377156,0.8213580325245857
299064,6516502,2235968,42,0,0.7916666665114462,1.7523009376600385
299065,7037911,2492379,64,0,0.30049768509343266,0.3074628356844187
299066,5517958,1667786,66,0,0.4689699076116085,0.518917407374829
299067,7031178,2486158,76,0,0.542106481269002,0.5880262847058475
299068,4437185,1282384,67,1,0.16679398156702518,0.1706060878932476
299069,7277634,2678629,193,0,0.8143055555410683,1.277255462948233
299070,100455,20516,43,0,0.3509837961755693,0.38958959467709064
299071,36843,9151,125,0,0.13918981468304992,0.263886921107769
299072,7033670,2488422,68,0,0.7998842592351139,0.8541161343455315
299073,6282268,2063035,42,0,0.8931018519215286,1.2931078705005348
299074,2837743,797758,16,0,0.4943865742534399,0.5265174419619143
299075,2883272,793792,64,0,0.739814814645797,0.7585632060654461
299076,5518807,1668626,64,0,0.08498842595145106,0.09681056719273329
299077,1664111,294363,42,0,0.15037037059664726,0.15882318280637264
299078,5468444,1640019,116,0,0.7765162037685513,1.5191928474232554
299079,2078335,465668,67,1,0.19626157404854894,0.5484114005230367
299080,1755892,309960,275,0,0.5102430554106832,0.5312554398551583
299081,4395342,1267384,65,0,0.2544328705407679,0.3544977316632867
299082,1668508,295659,123,0,0.8478240738622844,0.9161555324681103
299083,2653604,681367,177,0,0.3612037035636604,0.44516758108511567
299084,2881286,815261,66,0,0.9554282408207655,0.9769646297208965
299085,5514183,1664436,66,0,0.5214583333581686,0.573628113605082
299086,364187,77719,43,0,0.4322800925001502,
299087,2849831,802732,64,0,0.998888888861984,0.9998103356920183
299088,2843554,800146,17,0,0.9497569445520639,21.374719687271863
299089,3549715,1043876,124,0,0.937511574011296,0.9610016089864075
299090,4391997,1266368,97,1,0.14276620373129845,1.4317439352162182
299091,6189734,2036684,97,1,0.41289351833984256,2.227096273098141
299092,5504353,1656491,66,0,0.633773148059845,0.6746763312257826
299093,1663739,294363,42,0,0.14790509268641472,0.15518987271934748
299094,5997293,1976029,274,0,0.6885300925932825,1.0684271873906255
299095,5045052,1507636,9,1,0.7679398148320615,2.3731163195334375
299096,5516114,1666185,66,0,0.8197337961755693,0.8201675117015839
299097,2879739,789314,67,1,0.12511574057862163,0.12899613426998258
299098,1963071,442391,193,0,0.7097337963059545,0.7309723496437073
299099,2660796,687499,136,0,0.8430208335630596,0.848298067227006
299100,3690266,1084372,140,0,0.8739120368845761,0.8833644790574908
299101,2812551,791541,67,1,0.3973958333954215,2.2642240044660866
299102,5187765,1547288,46,0,0.8761574071832001,0.9039351157844067
299103,6874266,2445132,96,1,0.45894675934687257,0.4704810418188572
299104,1851674,352096,6,0,0.532372685149312,1.5299452664330602
299105,5511159,1662149,66,0,0.9310069442726672,0.9718650812283158
299106,5869875,1943492,274,0,0.011828703805804253,0.011863437481224537
299107,4457135,1291088,64,0,0.7282060184516013,0.729526724666357
299108,3737740,1072373,65,0,0.19659722223877907,0.2294060532003641
299109,469541,92736,66,1,0.9606944443657994,0.9769015507772565
299110,1807600,336259,42,0,0.5954976850189269,0.603199016302824
299111,6869675,2441621,96,1,0.5697106481529772,0.5788154280744493
299112,2510446,646474,125,0,0.5689351852051914,1.3199703358113766
299113,505069,98754,68,0,0.8315509259700775,0.8875235300511122
299114,6298046,2072960,141,0,0.7996759261004627,0.8144630207680166
299115,1350895,238210,122,0,0.7535532405599952,0.8714898726902902
299116,4394112,1266972,140,0,0.2923379628919065,0.3406547335907817
299117,5517025,1666888,65,0,0.04862268501892686,0.07245578709989786
299118,1854505,354566,7,1,0.8475925927050412,0.8516754861921072
299119,2855233,789264,64,0,0.5389583334326744,0.5706760184839368
299120,2846260,791142,43,0,0.5561226853169501,0.7717754975892603
299121,5512654,1663188,66,0,0.4380787038244307,0.4737738659605384
299122,4433233,1280655,65,0,0.2886689812876284,0.29326021997258067
299123,2573302,670826,125,0,0.9317013886757195,0.9463944905437529
299124,5511726,1662464,141,0,0.5305324075743556,3.6357708564028144
299125,3752064,1098156,65,0,0.9473032406531274,0.9748003357090056
299126,3755484,1098890,65,0,0.910844907630235,0.9553469442762434
299127,471106,92939,76,0,0.7024768516421318,0.735790335573256
299128,6294718,2069827,76,0,0.9158449075184762,1.293532071635127
299129,6295063,2068177,67,1,0.19626157404854894,0.7245466434396803
299130,492553,96204,97,0,0.29589120391756296,0.38599311327561736
299131,6052889,1994424,97,1,0.30246527772396803,0.30639005778357387
299132,89105,12553,274,0,0.6873842594213784,1.122246377170086
299133,5885240,1946512,97,1,0.931782407220453,0.9323956714943051
299134,2099973,474361,22,0,0.5024305554106832,1.1352242012508214
299135,5518057,1667884,136,0,0.6793171297758818,0.6807856829836965
299136,2578958,671269,125,0,0.5623726854100823,0.5729867476038635
299137,41346,9342,41,0,0.3369444445706904,0.3472949769347906
299138,2829702,794486,144,0,0.08994212979450822,
299139,1663155,295192,44,0,0.7616782407276332,0.7617970486171544
299140,2851712,803491,66,0,0.2625231482088566,0.5661716782487929
299141,1808633,336326,42,0,0.7312847222201526,0.7367148725315928
299142,5977476,1971286,122,0,0.2547916667535901,0.2797808446921408
299143,5997015,1975751,274,0,0.5145370368845761,0.5522715277038515
299144,7033108,2487878,136,0,0.0709953703917563,0.31702001160010695
299145,4186,829,9,1,0.4624537038616836,0.48417659709230065
299146,6873921,2444792,66,0,0.20077546313405037,0.23127409722656012
299147,549661,107342,64,0,0.4626967590302229,0.47472621547058225
299148,7286178,2681193,43,0,0.18197916680946946,0.2217908911406994
299149,6268709,2059620,49,0,0.761307870503515,
299150,536876,105207,136,0,0.8435300923883915,0.8485356597229838
299151,40526,8826,122,0,0.9747106479480863,15.135105127468705
299152,5516811,1666687,64,0,0.6691550924442708,0.7016257639043033
299153,534053,104685,169,0,0.5798958335071802,0.5886954860761762
299154,7033826,2488577,68,0,0.8469212963245809,0.8933913889341056
299155,2866606,789264,64,0,0.39370370376855135,0.40755787026137114
299156,206706,27578,44,1,0.45670138904824853,0.5012421756982803
299157,41802,6397,42,0,0.15706018498167396,0.1617521527223289
299158,1363277,232433,42,0,0.24074074067175388,0.24142130790278316
299159,1361058,238186,44,1,0.9327893517911434,1.5379834375344217
299160,5187892,1549175,42,0,0.8734722221270204,0.8742487267591059
299161,6492192,2232894,42,0,0.629155092407018,0.6374456826597452
299162,2108220,478086,19,0,0.166296296287328,0.17302685184404254
299163,6923035,2461452,116,0,0.15396990720182657,0.4677588427439332
299164,7034653,2489360,66,0,0.7548032407648861,0.8075380208902061
299165,2790956,785744,42,0,0.5744212963618338,0.614002731628716
299166,6502711,2234866,97,1,0.1752546294592321,0.17914341436699033
299167,4416950,1273646,64,0,0.4161111111752689,0.7073796642944217
299168,1778846,327482,43,0,0.734513889066875,
299169,6628642,2251591,171,0,0.5417476850561798,0.5726485764607787
299170,1524598,242053,42,0,0.03412037016823888,0.29827475687488914
299171,3670996,1080176,65,0,0.37009259266778827,0.37704759277403355
299172,1802913,336274,41,0,0.2422222220338881,0.2935612150467932
299173,1825907,342671,112,0,0.9811226851306856,1.0430544675327837
299174,1675060,295657,42,0,0.7414699075743556,0.7421416202560067
299175,5243155,1560007,116,0,0.9575347220525146,1.4588756714947522
299176,1824158,342306,112,0,0.7385995369404554,0.769842280074954
299177,2078786,465833,24,0,0.812488425988704,0.8394379280507565
299178,148914,25256,45,0,0.9257754627615213,1.0646863193251193
299179,88654,12102,274,0,0.83703703712672,0.9019369096495211
299180,3718950,1090606,66,0,0.3538657408207655,0.3883887962438166
299181,4458081,1291540,65,0,0.8525925925932825,0.8578142477199435
299182,4420161,1275141,67,0,0.28173611126840115,0.347800983581692
299183,4446037,1286022,65,0,0.7395138889551163,0.7473475001752377
299184,2877003,789422,136,0,0.26996527798473835,0.27354214107617736
299185,395727,84485,141,0,0.8105439813807607,
299186,5044778,1506385,155,0,0.5886458335444331,0.7573439697735012
299187,1757864,311918,274,0,0.17186342598870397,0.17190910875797272
299188,3692562,1084855,64,0,0.4206597222946584,0.7016554861329496
299189,2662262,681580,67,1,0.12517361110076308,0.12878605304285884
299190,5513683,1664017,65,0,0.15530092595145106,0.17945359973236918
299191,4419095,1274629,136,0,0.2550115738995373,0.33304497692734003
299192,3703625,1087184,136,0,0.971944444347173,0.973300289362669
299193,464481,91593,97,1,0.911828703712672,1.0452974191866815
299194,3708349,1072451,64,0,0.4457407407462597,0.46813339134678245
299195,7036914,2491395,65,0,0.5420833332464099,0.5591775695793331
299196,3722351,1091409,64,0,0.5151967592537403,0.6207323265261948
299197,4441028,1284081,65,0,0.8986921296454966,0.9082449306733906
299198,4409278,1270191,67,1,0.18106481479480863,2.1760078817605972
299199,38550,9234,42,0,0.09843750018626451,0.10034181689843535
299200,2840965,798957,76,0,0.7451273147016764,1.3100941898301244
299201,6637900,2258345,67,0,0.8774652779102325,0.8847872340120375
299202,557716,107966,67,1,0.16681712958961725,0.17051075212657452
299203,4416461,1273444,65,0,0.7254050928167999,0.7301227431744337
299204,4438161,1266694,138,0,0.8122453703545034,0.8349721990525723
299205,2078225,465640,16,0,0.841354166623205,0.844273773021996
299206,4434024,1280973,140,0,0.15244212979450822,0.16461188672110438
299207,6270225,2059769,42,0,0.49291666643694043,0.49365990748628974
299208,3699931,1086442,169,0,0.18910879641771317,0.2161985649727285
299209,7243478,2655549,193,0,0.1456249998882413,0.20694445585832
299210,1687280,299203,42,0,0.9613078702241182,0.9632314816117287
299211,406347,85281,144,0,0.261157407425344,1.129503692034632
299212,5908463,1950090,42,0,0.8112615742720664,0.825834849383682
299213,340438,61663,116,0,0.8664583335630596,
299214,5039365,1506387,9,1,0.5704976851120591,2.3277609143406153
299215,6294850,2069959,97,0,0.9179166667163372,0.9727875692769885
299216,3549363,1042546,42,0,0.24381944444030523,0.24720124993473291
299217,1773701,326940,44,0,0.30193287041038275,0.5969508565030992
299218,2873687,812382,96,0,0.04644675925374031,0.0706888078711927
299219,1549925,248522,42,0,0.19097222201526165,0.1974264234304428
299220,2110244,479056,19,0,0.569502315018326,0.5758843864314258
299221,5907923,1948655,42,0,0.897627315018326,0.9056318057700992
299222,3760856,1100083,65,0,0.6233680555596948,0.6289421757683158
299223,1674183,295826,42,0,0.004409722052514553,0.019053900614380836
299224,5510498,1661635,65,0,0.05275462940335274,0.09384873835369945
299225,5997207,1975943,276,0,0.8887731479480863,1.0305782640352845
299226,3733448,1093872,64,0,0.4595717592164874,0.5355962151661515
299227,6290567,2066389,65,0,0.9640509258024395,0.9655594793148339
299228,5087103,1513258,67,1,0.4265972222201526,1.5252532521262765
299229,6599543,2246727,45,0,0.5041898149065673,0.9212981020100415
299230,1530956,243821,44,0,0.002557870466262102,0.01696990756317973
299231,2574878,670969,408,0,0.01989583345130086,1.9703317247331142
299232,407840,85341,97,1,0.4094907408580184,0.7179200230166316
299233,263824,33369,97,1,0.9270370369777083,1.5767806945368648
299234,537438,85242,67,1,0.7932291668839753,0.7941501042805612
299235,7244764,2660167,201,0,0.9417476849630475,1.1880174884572625
299236,7384483,2717000,65,0,0.7515162038616836,0.758442176040262
299237,2856425,805467,20,0,0.2842013887129724,0.349497870542109
299238,6869973,2441784,67,1,0.662638888694346,0.7929603126831353
299239,2102004,475306,20,0,0.5142824072390795,0.5787270832806826
299240,5817973,1938015,112,0,0.876273148227483,0.9330420484766364
299241,6128714,2015097,42,0,0.6267129629850388,0.7321509839966893
299242,6296883,2071913,65,0,0.5143981482833624,0.52393131935969
299243,4391477,1266286,136,0,0.6687037036754191,0.6697224536910653
299244,535030,94326,138,0,0.7828587964177132,0.8103016088716686
299245,5805287,1934609,63,1,0.21783564798533916,2.147876088041812
299246,5243519,1560206,119,0,0.3634027778171003,0.4898424884304404
299247,2858942,806532,66,0,0.9424884258769453,1.4847270948812366
299248,3677137,1081476,140,0,0.2719212961383164,0.3320720484480262
299249,1663727,294354,42,0,0.39608796313405037,0.3968425579369068
299250,3727958,1092663,76,0,0.4987731482833624,0.5059289238415658
299251,2106470,477306,19,0,0.1526157408952713,0.1662850696593523
299252,1362212,232433,42,0,0.4339467594400048,0.4345724303275347
299253,40905,9241,42,0,0.7166087962687016,0.7188208219595253
299254,203825,27369,44,1,0.5193171296268702,0.5401563309133053
299255,412185,86118,64,0,0.5900347223505378,0.7016916433349252
299256,469918,85416,136,0,0.7224884261377156,1.0122734257020056
299257,340250,62246,67,1,0.2615972221828997,1.8824142245575786
299258,1548784,248672,43,0,0.3729861113242805,0.5255719213746488
299259,149438,25275,41,0,0.006724536884576082,0.024778402876108885
299260,2882110,815463,67,1,0.08349537057802081,0.08736640028655529
299261,1351053,238222,45,0,0.7963541666977108,6.840304687619209
299262,4343115,1233877,42,0,0.9299768516793847,1.0150699652731419
299263,6297869,2068193,67,1,0.2879166668280959,0.33268437488004565
299264,1824822,342439,193,0,0.5854861112311482,0.6019565854221582
299265,5941085,1959184,63,1,0.40890046302229166,2.2271073032170534
299266,38515,6462,42,0,0.07460648147389293,0.08301584469154477
299267,3709566,1088457,66,1,0.07310185162350535,0.07436267379671335
299268,6489087,2232934,194,0,0.7525115739554167,0.8089999770745635
299269,1979544,450889,67,1,0.6996527779847383,0.703539895825088
299270,550736,85290,67,1,0.28937500016763806,0.2934917127713561
299271,5514776,1662645,63,1,0.7430324074812233,0.8035432291217148
299272,6195263,2038234,41,0,0.9216666668653488,0.931785358581692
299273,41897,9363,67,1,0.6954398145899177,0.699191180523485
299274,3608706,1072451,64,0,0.09408564819023013,0.13032924756407738
299275,501464,98090,67,0,0.8409722223877907,1.099364722147584
299276,4429915,1279125,141,0,0.08914351835846901,0.12068299762904644
299277,5039366,1506387,9,1,0.5704976851120591,2.3277609259821475
299278,1856372,356117,7,0,0.3412615740671754,0.3463445254601538
299279,42012,9339,45,0,0.6770949074998498,0.6833194908685982
299280,2575005,671005,97,1,0.2179976850748062,2.1478730090893805
299281,6900577,2460687,193,0,0.5053935186006129,0.5160612729378045
299282,5518862,1668681,66,0,0.3027430553920567,0.362208703532815
299283,6548515,2237466,95,1,0.6991087961941957,0.7111112037673593
299284,2643576,677693,193,0,0.8447569445706904,1.0846790741197765
299285,5187604,1547303,42,0,0.9669328704476357,1.0294017940759659
299286,7000795,2470965,44,0,0.41728009236976504,0.4876060993410647
299287,5520691,1670438,136,0,0.6582407406531274,0.6582906944677234
299288,2884258,816070,17,0,0.9225694444030523,0.9293865044601262
299289,3689495,1082016,138,0,0.8439467591233552,0.8929600231349468
299290,5516385,1666450,79,0,0.803564814850688,0.8328669210895896
299291,3701095,1086704,138,0,0.09793981490656734,0.13117893505841494
299292,550156,107447,67,1,0.1762962960638106,0.1804065047763288
299293,6984250,2468298,44,0,0.8283449076116085,0.8408618057146668
299294,5188025,1548959,42,0,0.8209490738809109,0.8305679862387478
299295,4395854,1267591,65,0,0.11474537057802081,0.809489815030247
299296,6461067,2209209,67,1,0.6897685183212161,2.3313277778215706
299297,2654017,681627,63,1,0.8463657405227423,1.0427498728968203
299298,6867487,2440678,66,0,0.7425000001676381,0.7968970946967602
299299,3639176,1077409,64,0,0.010752314701676369,2.7622276851907372
299300,1549718,249052,116,0,0.7542592594400048,0.7644384261220694
299301,2536285,663168,192,0,0.32523148134350777,0.3267648611217737
299302,2838875,798109,67,1,0.28932870365679264,1.3541420833207667
299303,6871484,2441558,67,1,0.12516203708946705,0.1290809027850628
299304,3677273,1073874,67,0,0.279988425783813,
299305,5294603,1584795,66,0,0.40050925919786096,0.41208824096247554
299306,4394628,1267176,76,0,0.33079861104488373,
299307,6874166,2445036,65,0,0.19273148151114583,0.19846783578395844
299308,5997775,1976510,274,0,0.31733796279877424,0.38696699077263474
299309,1359720,238420,122,0,0.802314814645797,0.8182867476716638
299310,1358003,238388,122,0,0.3214699071832001,0.3537036459892988
299311,409956,85560,64,0,0.5873263888061047,0.7016169675625861
299312,1979742,450900,67,1,0.6883680555038154,0.6922527081333101
299313,1354107,238331,122,0,0.11607638886198401,0.16346871526911855
299314,7035321,2489967,66,0,0.26096064830198884,0.29776555532589555
299315,6850297,2436576,42,0,0.15953703690320253,0.2977729975245893
299316,1986489,452183,42,0,0.27344907401129603,0.2763716783374548
299317,1357342,238379,125,0,0.039571759290993214,0.08023274317383766
299318,535113,94327,138,0,0.7918981481343508,0.8048732173629105
299319,6637267,2257763,68,0,0.05232638865709305,0.12502736132591963
299320,416895,87139,64,0,0.6724537038244307,0.7016519675962627
299321,146907,23659,41,0,0.9870138890109956,0.9945748844183981
299322,6130864,2022069,41,0,0.32828703708946705,0.3331806710921228
299323,6297025,2072052,68,0,0.3866319442167878,0.4370092246681452
299324,6870848,2442352,79,0,0.498888888861984,0.5404351968318224
299325,144710,25137,122,0,0.8305787038989365,0.8932792129926383
299326,3752016,1086571,64,0,0.9471643520519137,0.9472172106616199
299327,2838454,793792,64,0,0.7779629630967975,0.792400520760566
299328,4342743,1233846,45,0,0.5390046294778585,0.6696939002722502
299329,4412098,1271319,97,0,0.7470254627987742,0.88148741889745
299330,6127618,2021027,41,0,0.974201388657093,1.0070691667497158
299331,5514643,1664886,66,0,0.8590162037871778,0.8898033332079649
299332,6549053,2237527,41,0,0.7550462963990867,0.7650663079693913
299333,2839928,792141,136,0,0.5244791666045785,
299334,88801,12249,274,0,0.22055555554106832,0.23526515066623688
299335,6263210,2058510,42,0,0.3947569443844259,0.49294027779251337
299336,470878,92931,67,1,0.6982407406903803,0.7123412154614925
299337,1360120,238423,122,0,0.3039236110635102,0.3232674072496593
299338,1359309,238415,122,0,0.28032407397404313,0.2898757173679769
299339,4411460,1271022,65,0,0.6172106480225921,0.8895475580357015
299340,2858150,806229,67,0,0.854756944347173,1.138433541636914
299341,5514243,1664492,66,0,0.5352662038058043,0.5821736576035619
299342,6639294,2259609,64,0,0.9178703702054918,0.9521252894774079
299343,3675960,1081188,95,0,0.2190393516793847,0.3439425812102854
299344,3692656,1084879,64,0,0.42096064798533916,0.7017027316614985
299345,4411448,1271016,136,0,0.6160995368845761,0.9320506942458451
299346,5997381,1976117,276,0,0.8872337960638106,0.8873573262244463
299347,550651,107483,67,1,0.28937500016763806,0.2931110649369657
299348,559615,85286,65,0,0.28054398158565164,0.2882801969535649
299349,6207231,2039267,63,1,0.2161574074998498,2.170320092700422
299350,1549348,248857,117,0,0.17341435188427567,0.22623748844489455
299351,5833566,1940529,44,0,0.41678240755572915,0.48759820591658354
299352,6299983,2074790,136,0,0.5518518518656492,0.5522155556827784
299353,1854375,354465,7,0,0.5421874998137355,0.5607884144410491
299354,2661338,687820,67,1,0.16678240755572915,0.17010375019162893
299355,3607412,1072321,66,0,0.019872684963047504,0.02568355342373252
299356,364673,77991,43,0,0.8835416664369404,0.9114466784521937
299357,5281953,1581552,63,1,0.8641087962314487,2.504248611163348
299358,486499,95098,138,0,0.8074189815670252,0.8250437960959971
299359,4439666,1283429,65,0,0.4966203705407679,0.5161248263902962
299360,4439555,1283373,64,0,0.47402777755632997,0.5356204747222364
299361,7032640,2487415,65,0,0.7824652777053416,0.7913762382231653
299362,5157367,1538059,47,0,0.24594907416030765,0.31339502334594727
299363,470107,92868,66,0,0.7051157406531274,0.7332507986575365
299364,152038,25328,41,0,0.4829050926491618,0.4929347918368876
299365,1824097,342306,112,0,0.7385995369404554,0.7698415857739747
299366,6195565,2038253,41,0,0.12868055561557412,0.13893969915807247
299367,6131251,2014991,42,0,0.8959606480784714,0.9089444330893457
299368,3754050,1098593,65,0,0.7892824076116085,0.7986171413213015
299369,204608,27412,122,0,0.5625578705221415,0.5863431710749865
299370,6502300,2234793,67,1,0.3101967591792345,1.3541744095273316
299371,2880712,789333,64,0,0.34848379623144865,0.36122833332046866
299372,3701067,1086701,177,0,0.09012731490656734,0.1467208913527429
299373,6021851,1996127,67,1,0.31950231501832604,1.3314764234237373
299374,2078919,465894,22,0,0.09567129611968994,0.5218021874316037
299375,2573480,670829,9,1,0.8484259257093072,1.4802013076841831
299376,7331474,2698019,122,0,0.7281365739181638,1.0720821525901556
299377,6269459,2059582,42,0,0.3672916665673256,0.3814527546055615
299378,5925155,1955683,42,0,0.8548611109144986,0.8630485185422003
299379,1360794,238439,43,0,0.15373842604458332,0.16006431728601456
299380,5379982,1611643,67,1,0.17315972223877907,2.1470970255322754
299381,1358899,232469,42,0,0.8660995368845761,0.8738560071215034
299382,467013,92118,64,0,0.2517245369963348,0.25554520823061466
299383,2791887,787074,49,0,0.7864120369777083,0.7956077777780592
299384,7285027,2678673,42,0,0.4087037038989365,0.4171581482514739
299385,1854948,354974,6,0,0.239953703712672,0.25386701384559274
299386,4420867,1275454,136,0,0.698506944347173,0.7375693982467055
299387,3678292,1081737,96,0,0.29811342572793365,0.3658282523974776
299388,206020,27508,44,1,0.44446759251877666,0.4505042592063546
299389,3611989,1072880,66,0,0.2910879631526768,0.4200088889338076
299390,4343541,1233892,41,0,0.5866203703917563,0.5969176851212978
299391,5918225,1953161,7,0,0.2034490741789341,6.1819040277041495
299392,3571649,1052529,112,0,0.6789467590861022,0.7312459261156619
299393,482756,84786,136,0,0.7330092592164874,
299394,2831873,795561,66,0,0.22113425936549902,0.2616850696504116
299395,3672494,1080492,65,0,0.8533217590302229,0.8578753238543868
299396,5522049,1671733,136,0,0.5325925927609205,0.5380122801288962
299397,4445433,1285783,64,0,0.6709953704848886,0.7016832521185279
299398,6083009,2013569,41,0,0.6545023149810731,0.6882712845690548
299399,2097521,473356,138,0,0.1801504627801478,0.38412609975785017
299400,5513418,1663826,136,0,0.8563657407648861,0.861275786999613
299401,4413317,1271923,64,0,0.7944328705780208,0.796110347378999
299402,7337733,2698045,41,0,0.5100925927981734,0.5181525000371039
299403,1709678,303318,41,0,0.9215393518097699,0.9316124538891017
299404,2102470,475535,22,0,0.7006018520332873,1.0428697220049798
299405,2077683,465502,65,0,0.1393287037499249,0.14675064804032445
299406,3726864,1092401,66,0,0.3451967593282461,0.36720571760088205
299407,5519257,1669064,66,0,0.7466203705407679,0.7617372339591384
299408,3699947,1074932,76,0,0.08142361091449857,0.22901221085339785
299409,558887,101005,76,0,0.5198726849630475,0.5220524882897735
299410,4417827,1274048,66,0,0.6262268517166376,0.6656496641226113
299411,7031166,2486146,66,0,0.5423032408580184,0.5896121645346284
299412,4409054,1270137,65,0,0.12292824080213904,1.1266695368103683
299413,364590,77972,193,0,0.954085648059845,1.5379639700986445
299414,1354172,238332,122,0,0.11940972227603197,0.18064394686371088
299415,4454213,1289675,97,0,0.3754050927236676,0.41477952525019646
299416,4413796,1272146,65,0,0.9201157409697771,0.9272128702141345
299417,100002,21272,42,0,0.3671875,0.9638934838585556
299418,6443215,2203927,47,0,0.521203703712672,0.5539520834572613
299419,3703152,1072451,64,0,0.14046296291053295,0.16875506937503815
299420,4437102,1282358,65,0,0.9514351850375533,0.9625977776013315
299421,554372,108079,67,1,0.4289351850748062,0.4325959258712828
299422,1548572,248382,43,0,0.8592013888992369,0.865785370580852
299423,7035480,2490115,64,0,0.08458333322778344,0.09681626176461577
299424,3571091,1052188,201,0,0.6644675927236676,0.6662936923094094
299425,38234,6452,42,0,0.9912731479853392,1.0053549306467175
299426,2103370,475969,177,0,0.9847916667349637,1.0109768053516746
299427,6923230,2462688,122,0,0.5993750002235174,1.5863350345753133
299428,2846345,791142,43,0,0.5561226853169501,0.7671062266454101
299429,395610,84482,63,1,0.8622453701682389,1.4191954978741705
299430,406942,85323,138,0,0.3361574076116085,1.262687106616795
299431,3760811,1100072,65,0,0.6219675927422941,0.6300479746423662
299432,404456,85202,79,0,0.08487268537282944,0.9583712266758084
299433,3729005,1092876,65,0,0.7334259259514511,0.7363942130468786
299434,2111491,479659,65,0,0.6692824074998498,0.6800555093213916
299435,1852215,352560,6,0,0.8541782405227423,0.8805708102881908
299436,395449,84482,63,1,0.8622453701682389,1.0525915855541825
299437,5511355,1662315,67,1,0.19627314805984497,1.3541906019672751
299438,1655616,294083,66,1,0.20093750022351742,0.21405820595100522
299439,520880,102224,66,0,0.4291782407090068,0.4713436341844499
299440,2515052,648043,67,1,0.2953703701496124,0.2992265624925494
299441,6850859,2435021,192,0,0.7256597219966352,
299442,6298355,2073257,65,0,0.3433101852424443,0.3577362038195133
299443,502005,98214,171,0,0.9111921298317611,1.2213026387616992
299444,1799587,334539,6,0,0.07406250014901161,0.07535423617810011
299445,547151,95500,67,1,0.3129050927236676,0.33606602996587753
299446,1530784,242140,41,0,0.650682870298624,0.6609751619398594
299447,1549222,248814,43,0,0.01012731483206153,0.13666908582672477
299448,1823529,342305,112,0,0.7358449073508382,0.7697429512627423
299449,487687,95305,66,0,0.04231481486931443,0.084765266161412
299450,150229,25241,45,0,0.052615740802139044,0.059454826172441244
299451,6084720,2013567,41,0,0.6545370370149612,0.6732504051178694
299452,6268512,2059579,48,0,0.17186342598870397,1.0841897800564766
299453,6443460,2203450,42,0,0.9515277775935829,0.9525814121589065
299454,5381364,1612025,122,0,0.29425925947725773,0.295474027749151
299455,5504495,1656622,64,0,0.9178935186937451,0.9520910186693072
299456,405260,85231,67,1,0.18106481479480863,2.1760083911940455
299457,496778,97101,67,0,0.5244444445706904,0.5545003241859376
299458,416659,87080,64,0,0.6722222222015262,0.7016527545638382
299459,561089,85357,66,0,0.43496527755632997,0.4375071064569056
299460,4417993,1274131,65,0,0.6290856483392417,0.6437544790096581
299461,2862691,808145,17,0,0.8789120372384787,0.8857091548852623
299462,2661327,687582,67,1,0.16678240755572915,0.17040013894438744
299463,6270686,2059972,41,0,0.3791782408952713,0.38877785857766867
299464,6851832,2436576,42,0,0.28393518505617976,0.29777303244918585
299465,6016953,1994294,22,0,0.1471412037499249,0.6479425695724785
299466,2837508,797689,20,0,0.256840277928859,0.2579473378136754
299467,7365018,2704964,0,0,0.8702546297572553,0.8705026390962303
299468,5524930,1674440,64,0,0.7574999998323619,0.7589141321368515
299469,467228,92171,68,0,0.21944444440305233,0.2575853820890188
299470,2834622,796602,73,0,0.000590277835726738,0.017206342425197363
299471,1663337,295228,44,0,0.5521412035450339,0.5805576159618795
299472,307612,57432,67,1,0.31824074080213904,
299473,2882950,814236,67,1,0.00013888906687498093,0.004107210785150528
299474,6872874,2443795,66,0,0.575081018730998,0.6656329282559454
299475,4390713,1266047,65,0,0.9478240739554167,0.9578964468091726
299476,2469757,639994,193,0,0.31399305537343025,0.3571193288080394
299477,410313,85650,64,0,0.5877430555410683,0.7016289234161377
299478,2079611,466204,19,0,0.8191435183398426,0.8258749423548579
299479,4420249,1275182,93,0,0.2842013887129724,0.28577651642262936
299480,5907960,1949595,42,0,0.7447453704662621,0.7555329282768071
299481,3692858,1084929,136,0,0.45277777779847383,0.7948292940855026
299482,2102142,475375,19,0,0.5206944444216788,0.5271711805835366
299483,2550949,666349,122,0,0.5085763889364898,0.7018209951929748
299484,1709924,303255,42,0,0.1060995371080935,0.10973086813464761
299485,209147,27741,44,0,0.7513078702613711,0.7741324305534363
299486,5233957,1555333,112,0,0.2146875001490116,0.21567682875320315
299487,2111194,479522,16,0,0.03655092604458332,0.05776167847216129
299488,6128610,2021518,122,0,0.40594907384365797,0.4127680901437998
299489,6866524,2439987,65,0,0.8412268520332873,0.8530528354458511
299490,411540,85956,64,0,0.589131944347173,0.7017174535430968
299491,5156450,1537782,63,1,0.22005787026137114,2.1478513656184077
299492,6852168,2436863,41,0,0.46232638880610466,0.47228484973311424
299493,6598894,2247778,136,0,0.8110069446265697,3.8243471295572817
299494,2109513,478699,141,0,0.5021180557087064,0.5072969328612089
299495,5872135,1943872,63,1,0.3055787035264075,2.2658231714740396
299496,6297948,2072863,95,0,0.32277777791023254,0.38154408568516374
299497,206246,27520,97,1,0.5962731479667127,0.6955449539236724
299498,2861329,807638,16,0,0.9165277779102325,0.9581073611043394
299499,1360738,238438,123,1,0.0032291668467223644,0.028157013934105635
299500,6127829,2021030,41,0,0.9742708331905305,1.018859236035496
299501,87943,11752,274,0,0.999189815018326,1.051935266237706
299502,5816235,1937946,43,0,0.5453240741044283,1.0368099655024707
299503,3570624,1051883,119,0,0.034814815036952496,0.042026435025036335
299504,396476,84518,66,0,0.5841550924815238,11.813554652966559
299505,2102728,475658,17,0,0.799236111342907,1.0707248263061047
299506,5525279,1662120,97,1,0.38476851861923933,0.3887657984159887
299507,1962632,444923,112,0,0.7452777777798474,0.7697281017899513
299508,1548305,248484,41,0,0.9171296297572553,0.9180576503276825
299509,5925134,1955880,42,0,0.6944560185074806,0.7028630091808736
299510,5513271,1663701,65,0,0.5475810184143484,0.552774571813643
299511,5919092,1953309,6,0,0.2776967594400048,0.2786599420942366
299512,1363457,238362,122,0,0.45951388869434595,0.46898940950632095
299513,7011884,2473398,67,1,0.4282523146830499,2.2640106016770005
299514,6635515,2256174,67,1,0.3132175924256444,0.3170721526257694
299515,6052814,1994424,97,1,0.30246527772396803,0.30638945614919066
299516,2790522,786955,42,0,0.5239351852796972,7.93518809042871
299517,6866945,2440337,65,0,0.6384375002235174,0.6413907525129616
299518,2487090,645286,97,1,0.9395486111752689,1.5776680326089263
299519,539262,104512,136,0,0.8458796297200024,0.8521033450961113
299520,2110491,479177,16,0,0.5318865738809109,0.533235602080822
299521,6268930,2059591,42,0,0.4949884261004627,0.6694437386468053
299522,6869522,2441560,67,1,0.08348379610106349,0.08746589114889503
299523,7286791,2682411,195,0,0.32414351869374514,0.3250845023430884
299524,6638858,2259180,66,0,0.050636574160307646,0.050688669085502625
299525,545041,106490,66,0,0.12192129623144865,0.13137131929397583
299526,7416814,2725165,65,0,0.25459490763023496,0.26454745372757316
299527,3697263,1074096,64,0,0.6299537038430572,0.6567522338591516
299528,2851539,789264,64,0,0.26012731483206153,0.3677211576141417
299529,7422188,2726956,64,0,0.6704976852051914,0.7016442706808448
299530,6290127,2066000,65,0,0.12693287059664726,0.13607909716665745
299531,100597,20651,193,0,0.4993634261190891,0.5104282521642745
299532,504818,98700,174,0,0.8382754628546536,0.8870316203683615
299533,5870359,1943643,177,0,0.516886574216187,2.7924407408572733
299534,3674683,1080911,95,0,0.13814814807847142,0.6340480092912912
299535,4392843,1266529,67,1,0.6634027776308358,2.331337673589587
299536,6871461,2442851,67,1,0.12511574057862163,0.12908003479242325
299537,6295981,2071066,136,0,0.1239930554293096,0.17598689813166857
299538,4396786,1267969,95,0,0.19557870365679264,0.24345527775585651
299539,5519469,1669266,65,0,0.636296296492219,0.6467574997805059
299540,5243637,1560274,119,0,0.4800925925374031,0.4865542477928102
299541,5293969,1584536,67,1,0.6710416665300727,0.7661150577478111
299542,5521326,1671035,93,0,0.3267129631713033,0.32876052102074027
299543,3776880,1103920,93,0,0.4104629629291594,0.4121334492228925
299544,147162,25217,122,0,0.3690625000745058,0.378741423599422
299545,2577251,670808,125,0,0.22567129647359252,0.23965410888195038
299546,6556779,2239504,122,0,0.6406481480225921,0.6473439931869507
299547,4438763,1282985,140,0,0.30618055537343025,0.3443029629997909
299548,2102904,475746,17,0,0.8004513890482485,1.0707203703932464
299549,1606527,264638,43,1,0.083703703712672,0.18379475688561797
299550,407602,85338,79,0,0.3806597222574055,1.1213456480763853
299551,340767,62244,67,1,0.2615972221828997,0.8025011690333486
299552,5515640,1665798,66,0,0.299108796287328,0.33961429400369525
299553,36633,9137,156,0,0.06564814830198884,0.21137262741103768
299554,3183,802,9,1,0.3053703703917563,0.5006792130880058
299555,1663595,295163,42,0,0.6313773146830499,0.653178449254483
299556,412589,86194,64,0,0.6147685186006129,3.0271374653093517
299557,6084138,2013568,41,0,0.8568287035450339,0.8733643982559443
299558,3572012,1052747,116,0,0.9375462965108454,0.9448830322362483
299559,2108404,478162,66,0,0.7269328702241182,0.7281931480392814
299560,5805214,1934608,63,1,0.2162962961010635,1.519997418858111
299561,4395335,1267380,65,0,0.33625000016763806,0.3686049999669194
299562,2812419,791525,66,1,0.8465740741230547,0.8526102197356522
299563,7000655,2470867,42,0,0.08466435177251697,0.08542442135512829
299564,6637120,2257625,66,0,0.00045138876885175705,0.05214560171589255
299565,488560,95410,97,0,0.27144675934687257,0.44137494219467044
299566,3571996,1052738,201,0,0.6843287036754191,0.6857864004559815
299567,143292,23698,42,0,0.5453472221270204,0.8936988078057766
299568,6871183,2442670,140,0,0.9943865742534399,1.0088846874423325
299569,2843442,800101,66,0,0.736620370298624,0.7981226271949708
299570,1799734,334654,6,0,0.07123842602595687,0.0724884606897831
299571,3549279,1042511,42,0,0.34164351830258965,0.3426215276122093
299572,2110294,479081,65,0,0.6075578704476357,0.6355352429673076
299573,467324,92192,136,0,0.2522685183212161,0.3131408682093024
299574,3548730,1042547,116,0,0.6447453703731298,0.8208818170242012
299575,37158,9167,158,0,0.5591087960638106,0.7164472686126828
299576,3757155,1086890,138,0,0.9331249999813735,0.9493707637302577
299577,2869761,810999,65,0,0.8259953702799976,0.8366179978474975
299578,206160,27519,97,1,0.5956250000745058,0.695071944501251
299579,1853441,353635,6,0,0.20745370350778103,0.24823040515184402
299580,1856114,355951,7,1,0.49623842583969235,0.5125136342830956
299581,2110046,478958,17,0,0.6913194442167878,0.698660115711391
299582,4406080,1266857,64,0,0.7926273150369525,0.8054816899821162
299583,6440950,2203098,43,0,0.8758564814925194,1.208278402686119
299584,494071,96453,73,0,0.5004976852796972,0.5457058101892471
299585,540490,105726,64,0,0.8855208335444331,0.9521862384863198
299586,3687810,1083787,66,0,0.8130092592909932,1.0198258450254798
299587,1530830,243800,41,0,0.9424421298317611,0.9527031714096665
299588,3709857,1088520,140,0,0.8701967592351139,0.8752085068263113
299589,3696449,1074096,64,0,0.6705787037499249,0.6978932293131948
299590,547807,95288,65,0,0.2944212961010635,0.3396738772280514
299591,1851404,351957,9,0,0.03295138897374272,2.1830051504075527
299592,492147,96164,174,0,0.3382060183212161,0.3835639930330217
299593,1356051,238362,122,0,0.4271759260445833,0.46898916689679027
299594,4410697,1270657,97,0,0.4795254631899297,1.1254131132736802
299595,6548099,2237405,67,1,0.3969675926491618,0.6565371062606573
299596,1755588,309660,276,0,0.8992129629477859,0.9163432521745563
299597,5819757,1938064,41,0,0.19112268509343266,0.20145250018686056
299598,2852207,803685,19,0,0.2931365738622844,0.7923537152819335
299599,5047081,1507907,12,1,0.8625231483019888,0.8906089351512492
299600,5872633,1943916,67,1,0.315844907425344,0.3193632522597909
299601,7011787,2473364,67,1,0.3100925926119089,1.3541763080284
299602,5523386,1672949,67,0,0.4627777775749564,0.5136019326746464
299603,5872417,1943893,67,1,0.4317361111752689,0.43573584500700235
299604,4392097,1266393,67,0,0.8734375000931323,0.9614057061262429
299605,5524266,1673784,66,0,0.6745833335444331,0.7120143864303827
299606,5512992,1663513,64,0,0.25869212951511145,0.3324732524342835
299607,2108777,478341,16,0,0.6944328704848886,0.6973464353941381
299608,1687327,299187,42,0,0.07480324059724808,0.08188979187980294
299609,7365641,2705387,0,0,0.9659606483764946,0.9662781828083098
299610,6131303,2021807,42,0,0.9226388889364898,0.9234008565545082
299611,3700278,1086517,65,0,0.19025462958961725,0.20465298602357507
299612,7284534,2678673,42,0,0.37958333315327764,0.38753094896674156
299613,3571194,1052252,119,0,0.0647685183212161,0.09096306702122092
299614,6084695,2013569,41,0,0.6545023149810731,0.6716023380868137
299615,5996013,1974773,274,0,0.42793981498107314,1.0298674423247576
299616,547185,95500,67,1,0.3129050927236676,0.31640561344102025
299617,41165,9165,42,0,0.4924074076116085,0.5065392474643886
299618,5941707,1957452,117,0,0.971111111342907,2.2966734026558697
299619,405505,84346,67,1,0.18112268531695008,0.7927505555562675
299620,2865397,809159,20,0,0.45432870369404554,0.48830299777910113
299621,6296989,2072019,64,0,0.5016087964177132,0.5024266317486763
299622,2839420,798287,136,0,0.45969907427206635,0.9584647105075419
299623,481596,94253,144,0,0.012731481343507767,0.030433680396527052
299624,2102976,475782,17,0,0.8006712961941957,1.0707319327630103
299625,2469444,640888,42,0,0.6137152779847383,1.2193191898986697
299626,4414980,1272731,66,0,0.8930902779102325,0.9344753124751151
299627,7277726,2678569,45,0,0.10528935166075826,0.12118101865053177
299628,6083859,2013568,41,0,0.8568287035450339,0.8906783564016223
299629,1799704,334624,6,0,0.04637731472030282,0.04748075222596526
299630,5342099,1602863,193,0,0.578287037089467,
299631,4439220,1283207,66,0,0.32814814802259207,0.5764451851136982
299632,152164,25330,47,0,0.79434027755633,0.8115991433151066
299633,528272,103739,64,0,0.2549999998882413,0.2657021642662585
299634,6629388,2252237,66,0,0.8609374999068677,0.9791748840361834
299635,5828785,1939045,43,0,0.39690972212702036,2.4584798379801214
299636,6295584,2070671,65,0,0.5603472222574055,0.5809541549533606
299637,2811405,789417,64,0,0.8440162036567926,0.8594902544282377
299638,3706946,1087852,64,0,0.9582060184329748,1.0288746990263462
299639,2830586,795064,68,0,0.18950231466442347,0.2575854631140828
299640,470805,92930,67,1,0.6979050925001502,0.7124824882484972
299641,1625469,270484,67,1,0.2962268516421318,2.1481243171729147
299642,3727937,1092658,64,0,0.4080787035636604,0.5067754280753434
299643,549467,92934,67,1,0.6964930556714535,0.7001454746350646
299644,2846076,789264,64,0,0.6172337965108454,0.6556531712412834
299645,145587,25157,41,0,0.5456597222946584,0.5554421525448561
299646,307404,57414,97,1,0.1884027780033648,1.4318331363610923
299647,208875,27427,44,1,0.8028819444589317,0.8658109721727669
299648,6871481,2441558,67,1,0.12516203708946705,0.12908087950199842
299649,493800,96388,65,0,0.46116898162290454,0.5900272568687797
299650,2837575,789417,64,0,0.4914236110635102,0.6025274307467043
299651,2851005,803215,96,0,0.24055555555969477,0.28529702546074986
299652,1547957,246552,112,0,0.3051504627801478,0.6608798960223794
299653,532537,98099,136,0,0.8435069443657994,0.8554503126069903
299654,1687005,299180,193,0,0.7277546296827495,0.8628767128102481
299655,5908429,1948647,42,0,0.5629050927236676,0.5648911343887448
299656,2882167,789320,67,1,0.08349537057802081,0.08736755792051554
299657,4446232,1266909,64,0,0.7012268519029021,0.7160359029658139
299658,5520912,1670657,65,0,0.5371180553920567,0.5460923728533089
299659,5245104,1561080,119,0,0.24599537020549178,0.2545885071158409
299660,206561,27560,44,1,0.5524305556900799,0.5566892824135721
299661,5361168,1608010,112,0,0.4922685185447335,0.5105609954334795
299662,3613292,1072451,64,0,0.762129629496485,0.7942424998618662
299663,6635233,2255970,64,0,0.48018518509343266,0.481006296351552
299664,2844246,800482,64,0,0.3347453703172505,0.35258924774825573
299665,7245272,2659463,116,0,0.008657407481223345,0.016429560258984566
299666,4395860,1267594,66,0,0.11388888908550143,0.12867065984755754
299667,2578003,671203,125,0,0.39276620373129845,0.40646380791440606
299668,5188171,1547292,41,0,0.7211921294219792,0.721836562268436
299669,39313,6400,42,0,0.48586805537343025,0.496820162050426
299670,5242854,1559801,193,0,0.9066203702241182,1.026853611227125
299671,5188747,1548827,41,0,0.9739467594772577,1.0174999423325062
299672,5292789,1584094,64,0,0.920624999795109,0.9521158565767109
299673,5907851,1949520,123,0,0.9281365741044283,1.7771864351816475
299674,6870671,2442204,66,0,0.2910416666418314,0.3246742128394544
299675,5523899,1673417,65,0,0.9650115738622844,0.969872685149312
299676,3639887,1077580,67,0,0.04057870386168361,0.0717591317370534
299677,1550087,248806,42,0,0.8785532405599952,0.8794258218258619
299678,465595,91846,138,0,0.07503472222015262,0.0862267822958529
299679,2846218,791142,43,0,0.5561226853169501,0.7687620371580124
299680,2510682,646476,125,0,0.8187268520705402,1.3199655669741333
299681,2653867,681579,67,1,0.06247685197740793,0.06600858783349395
299682,6254659,2056445,97,1,0.2202662038616836,2.170332349371165
299683,2100651,474674,17,0,0.5434837960638106,8.607571099419147
299684,533126,104519,79,0,0.8312962963245809,0.8582799420692027
299685,4414455,1272468,96,0,0.882650462910533,0.9597516204230487
299686,6864066,2439168,48,0,0.49314814805984497,21.217967870179564
299687,6640522,2260801,65,0,0.7760995370335877,0.7993254978209734
299688,6268498,2059569,41,0,0.07105324091389775,10.077655335422605
299689,3741598,1095714,66,0,0.38481481466442347,0.40207353001460433
299690,3673175,1074096,64,0,0.4804166667163372,0.5333719095215201
299691,1606556,264640,43,1,0.08376157423481345,0.1906431713141501
299692,529537,104049,66,0,0.2622337960638106,0.29758864594623446
299693,2831217,795300,65,0,0.20884259277954698,0.22292804392054677
299694,411661,85987,64,0,0.5893171294592321,0.7017197338864207
299695,1317563,234289,43,0,0.4392939815297723,1.0198732521384954
299696,6295411,2070505,76,0,0.08371527772396803,0.6095794327557087
299697,2578582,671139,44,0,0.6735532409511507,0.6843452313914895
299698,3692715,1084894,64,0,0.42116898158565164,0.7016485761851072
299699,5519837,1669632,64,0,0.8343055555596948,0.8662380324676633
299700,6017281,1994572,20,0,0.6735763889737427,0.6751650809310377
299701,5977594,1972872,125,0,0.13846064824610949,0.17332052066922188
299702,7365136,2705046,0,0,0.8877199073322117,0.8879114119336009
299703,413293,86348,68,0,0.6468518520705402,0.709885370451957
299704,7277407,2678575,193,0,0.10124999983236194,0.143528345040977
299705,3605768,1071097,274,0,0.18768518511205912,0.18774564797058702
299706,409187,85451,138,0,0.5458449074067175,0.7513217013329268
299707,4413455,1271982,65,0,0.8067939816974103,0.8100323146209121
299708,7012064,2473512,67,1,0.42822916666045785,0.43230166658759117
299709,6298024,2072938,66,0,0.7774305557832122,0.8274192824028432
299710,4391242,1266245,67,1,0.6633564815856516,0.7925201966427267
299711,3607542,1072331,66,0,0.01648148149251938,0.03474969929084182
299712,209254,27749,42,1,0.8031597221270204,0.8086659722030163
299713,2514183,647787,67,1,0.3100925926119089,1.3541759606450796
299714,5215323,1552830,42,0,0.907511574216187,1.3753621065989137
299715,3752720,1088463,136,0,0.06584490742534399,0.07361561339348555
299716,2550222,666071,42,0,0.04353009257465601,0.06330721080303192
299717,5873355,1943886,63,1,0.41072916658595204,0.4120023497380316
299718,6293331,2068549,65,0,0.9265393516980112,0.937780590262264
299719,5244968,1561007,112,0,0.36064814822748303,0.38092354172840714
299720,6900959,2460687,193,0,0.6859490741044283,0.7002491434104741
299721,1549158,248776,41,0,0.16362268524244428,0.16849715262651443
299722,501074,98044,138,0,0.9396180557087064,0.9904002780094743
299723,1987685,452178,42,0,0.9392245369963348,0.9412865857593715
299724,2108009,477981,17,0,0.5682638888247311,0.6416714931838214
299725,1529796,243574,41,0,0.9840856483206153,0.9941158103756607
299726,5522097,1671781,65,0,0.5039814813062549,0.5181738194078207
299727,3739484,1095235,65,0,0.2349537038244307,0.2400898146443069
299728,1674377,297188,123,0,0.7485416666604578,1.190970833413303
299729,1358189,238391,41,0,0.1080787037499249,0.11894960654899478
299730,1757605,311660,276,1,0.4424768518656492,0.45053094904869795
299731,3723340,1091584,64,0,0.5721990740858018,0.6207849187776446
299732,4419488,1274825,64,0,0.2559143519029021,0.26703664334490895
299733,5282001,1581552,63,1,0.8641087962314487,2.504248888697475
299734,2077656,465492,17,0,0.14849537052214146,0.1550473147071898
299735,5515274,1665432,64,0,0.5013773147948086,0.5355789354071021
299736,488481,95396,68,0,0.26434027776122093,0.4363151043653488
299737,5512136,1662730,68,0,0.9038310186006129,1.1322823958471417
299738,7011677,2473358,67,1,0.2962268516421318,0.8036070023663342
299739,2514463,647869,67,1,0.42822916666045785,0.43193936347961426
299740,5287290,1581734,67,1,0.28936342615634203,0.7916852082125843
299741,6295464,2070551,138,0,0.51226851856336,0.6748292129486799
299742,539426,105554,136,0,0.8459259257651865,0.850143229123205
299743,2859352,806733,17,0,0.9589814813807607,1.083327210508287
299744,203941,27382,44,1,0.9008796294219792,1.0157159375958145
299745,7397199,2718833,64,0,0.545891203917563,0.6207097107544541
299746,2079918,466278,65,0,0.17409722227603197,0.17991484934464097
299747,2663063,681580,67,1,0.14596064807847142,0.1499478123150766
299748,2551337,664921,42,0,0.1997337960638106,0.20067900465801358
299749,1360234,238425,123,0,0.2523379628546536,0.2592329862527549
299750,150901,23659,41,0,0.6258564814925194,0.6315751853398979
299751,1823059,341637,282,0,0.502384259365499,1.0521079977042973
299752,5918249,1953162,7,0,0.20354166673496366,6.181897534523159
299753,2111433,475359,20,0,0.5144212963059545,0.5148797570727766
299754,2510605,646463,125,0,0.8176157409325242,1.3199894675053656
299755,5118282,1529560,42,0,0.9940740740858018,0.9952175114303827
299756,1854321,354411,6,0,0.7211805554106832,0.7544398265890777
299757,4435649,1281731,96,1,0.45901620388031006,0.47048383112996817
299758,1359422,238416,41,0,0.42067129630595446,0.43043783586472273
299759,525986,103221,138,0,0.21730324067175388,0.3258687499910593
299760,5186861,1549000,42,0,0.9009490739554167,1.9436834142543375
299761,2104094,476324,171,0,0.8513078703545034,0.8585441899485886
299762,9965,3376,42,0,0.9991550925187767,1.162064837757498
299763,7286784,2682404,119,0,0.32332175923511386,0.33006806718185544
299764,1361454,238447,41,0,0.27518518501892686,0.2847395949065685
299765,5524527,1674044,64,0,0.7168171294033527,0.7175601734779775
299766,1549342,246543,42,0,0.21354166651144624,0.21727076405659318
299767,5888340,1946658,44,0,0.7731249998323619,0.7937088310718536
299768,6017317,1994586,67,1,0.6992939813062549,2.3314242246560752
299769,4410673,1270645,65,0,0.4718171297572553,1.1801827778108418
299770,3744491,1074103,64,0,0.35561342583969235,0.37003201385959983
299771,2843989,800353,66,0,0.333842592779547,0.422945914324373
299772,5361298,1609589,41,0,0.04534722212702036,0.05544195603579283
299773,6873518,2444422,67,0,0.4378240741789341,0.49727873830124736
299774,2791427,787048,44,0,0.6725115738809109,0.6803562501445413
299775,5245872,1555315,112,0,0.38188657397404313,0.3824887382797897
299776,514356,100940,67,0,0.5021412037312984,0.5278150578960776
299777,485874,95025,66,0,0.7939120368100703,0.8229717938229442
299778,558005,108634,67,1,0.1668287036009133,0.1705133100040257
299779,2846116,789264,64,0,0.6356365741230547,0.6556546413339674
299780,150976,25310,122,0,0.784456018358469,0.8183090044185519
299781,1808868,337640,122,0,0.7752314815297723,0.792575347237289
299782,534021,104677,174,0,0.5642592590302229,0.5899888193234801
299783,3703742,1087212,136,0,0.15179398143664002,0.1553779747337103
299784,5818760,1937170,42,0,0.8601041664369404,0.8609178820624948
299785,2111330,479590,65,0,0.610185184981674,0.6144015160389245
299786,3719602,1074096,64,0,0.06956018507480621,0.10749190952628851
299787,558734,108747,64,0,0.2552893520332873,0.26570287020877004
299788,5294313,1584658,67,1,0.43326388904824853,0.43728513875976205
299789,5467443,1635590,112,0,0.6309722224250436,0.6699247914366424
299790,5519391,1669188,64,0,0.38009259244427085,0.3814006135798991
299791,3739240,1095176,177,0,0.22481481498107314,0.24763456033542752
299792,2536284,663168,192,0,0.32523148134350777,0.32670574076473713
299793,148372,25245,42,0,0.6612384258769453,0.7554995487444103
299794,2550931,666079,42,0,0.49278935184702277,0.5905639119446278
299795,5818115,1938015,112,0,0.876273148227483,0.9330437039025128
299796,5518797,1668616,64,0,0.08497685194015503,0.09681193297728896
299797,4409795,1270333,67,1,0.3735879631713033,2.264007835648954
299798,4425039,1266676,67,1,0.2893518516793847,0.29229975678026676
299799,6870359,2441085,67,1,0.19591435184702277,0.3338838773779571
299800,1856464,356173,7,1,0.7336921296082437,0.7490825694985688
299801,7002086,2470806,43,0,0.2675347221083939,0.2952381712384522
299802,4431605,1279921,140,0,0.48799768509343266,0.517859201412648
299803,6870766,2441689,67,1,0.39738425938412547,0.7088201967999339
299804,2576998,671139,44,0,0.6735532409511507,0.6970402779988945
299805,6297428,2072398,66,0,0.042256944347172976,0.08961473358795047
299806,4458155,1291576,136,0,0.9489236110821366,0.9496036572381854
299807,3673643,1080685,76,0,0.08137731486931443,0.609577314928174
299808,412604,86194,64,0,0.6147685186006129,3.027137499768287
299809,2098695,473837,122,0,0.9323379630222917,1.9205624074675143
299810,6867227,2440482,66,0,0.7493981481529772,0.7634538076817989
299811,2834076,796353,68,0,0.2959837964735925,0.396823622751981
299812,1357117,232448,158,0,0.7320717591792345,0.7577347801998258
299813,6873883,2444756,79,0,0.49890046287328005,0.5337038077414036
299814,2836955,797468,64,0,0.25488425930961967,0.26570900483056903
299815,309555,57662,44,0,0.7357407407835126,0.7503373958170414
299816,3702547,1086988,64,0,0.01059027761220932,0.01087472215294838
299817,416400,87015,64,0,0.672013889066875,0.7016624538227916
299818,558147,103183,67,1,0.16685185162350535,0.17051483783870935
299819,291911,52016,125,0,0.02188657410442829,0.06734273163601756
299820,6206974,2039198,119,0,0.5044328705407679,0.5081834490410984
299821,2077984,465557,67,1,0.2983101853169501,0.3021017243154347
299822,2838934,798126,67,1,0.3128587962128222,1.1426753355190158
299823,2839872,798482,19,0,0.521076388657093,1.0851071062497795
299824,2813327,791802,20,0,0.7495254627428949,0.7910932870581746
299825,2656772,680517,67,1,0.18103009276092052,0.2525787386111915
299826,417627,87314,97,0,0.6771990740671754,0.6953025115653872
299827,537346,94702,171,0,0.7924537034705281,0.7997565162368119
299828,4438368,1282801,65,0,0.3510879627428949,0.3585581365041435
299829,6636623,2257232,93,0,0.13101851847022772,0.13296173606067896
299830,2577137,670826,125,0,0.8900347221642733,0.9117073263041675
299831,1351974,238231,42,0,0.8915277780033648,1.3682353240437806
299832,2652936,680831,67,1,0.42858796287328005,2.2640094328671694
299833,2868841,810662,66,0,0.4348611109890044,0.44647616893053055
299834,518628,95461,138,0,0.29520833352580667,0.3342732754535973
299835,1825531,342610,112,0,0.8010995369404554,0.836063923779875
299836,5885291,1946513,44,1,0.9018518519587815,1.0514072915539145
299837,486411,95094,65,0,0.8014120371080935,1.0886118286289275
299838,6084577,2013569,41,0,0.6545023149810731,0.6712473728694022
299839,546985,95498,67,1,0.31288194423541427,0.31711100693792105
299840,1350396,238182,41,0,0.007025463040918112,2.0466895950958133
299841,269076,35415,67,1,0.17589120380580425,0.17947792820632458
299842,4458151,1291575,65,0,0.9412384261377156,0.9535942706279457
299843,6866909,2440322,67,1,0.3735995371825993,1.2084383219480515
299844,7284747,2681640,45,0,0.2923032408580184,0.4462034027092159
299845,6282531,2063259,43,0,0.7020833333954215,0.7075146296992898
299846,6460995,2209181,67,0,0.48506944440305233,1.0677699423395097
299847,5360874,1609544,42,0,0.9114120369777083,0.9217681135050952
299848,2876934,813664,17,0,0.4857407407835126,0.5175305670127273
299849,5039894,1506389,9,1,0.21728009264916182,2.1703281830996275
299850,41411,9342,41,0,0.3369444445706904,0.3472956479527056
299851,2652477,680515,67,1,0.1810185187496245,0.7928888658061624
299852,6268722,2059620,49,0,0.761307870503515,
299853,7420877,2726519,65,0,0.5881249997764826,0.5915221991017461
299854,6558698,2237729,125,0,0.7648726850748062,0.7693206020630896
299855,7243414,2659389,193,0,0.4810648146085441,0.546580960508436
299856,534217,104725,65,0,0.5879050926305354,0.5918473727069795
299857,342137,63487,136,0,0.07104166643694043,0.10220909724012017
299858,6126839,2015071,287,0,0.2620601849630475,0.31723769661039114
299859,4431721,1279978,97,1,0.4911458333954215,0.49791199062019587
299860,2875356,789333,64,0,0.09188657393679023,0.13415486132726073
299861,2108278,478114,73,0,0.09526620386168361,0.12381015066057444
299862,2551287,666405,42,0,0.5129282409325242,0.5137992245145142
299863,6634149,2255263,138,0,0.11306712962687016,0.44886831007897854
299864,5295397,1585171,140,0,0.6244097221642733,0.6321525000967085
299865,2841579,799261,66,0,0.7828935184516013,0.9194373842328787
299866,5243620,1560262,116,0,0.23723379615694284,0.23988506942987442
299867,6294963,2070071,65,0,0.9278587964363396,0.9454540507867932
299868,3748027,1097202,65,0,0.3664351850748062,0.37430182890966535
299869,3731515,1072690,65,0,0.0819791667163372,0.09000561339780688
299870,2659198,686058,64,0,0.8965972224250436,0.8979359259828925
299871,1853971,354066,8,0,0.18662037048488855,0.21910141222178936
299872,6296459,2065916,67,1,0.4350925926119089,0.4380627661012113
299873,6206679,2039198,119,0,0.3169328705407679,0.7841737498529255
299874,6270400,2059952,41,0,0.35809027776122093,0.36793886590749025
299875,2812344,791521,136,0,0.8464236110448837,0.8517846064642072
299876,4451112,1288225,65,0,0.9795486112125218,0.9919148264452815
299877,307732,57438,97,1,0.4089814815670252,2.227107117883861
299878,4391107,1266239,67,1,0.6634143516421318,2.33133681723848
299879,37928,6451,42,0,0.3257870371453464,0.3396864118985832
299880,3729479,1084658,136,0,0.9908680557273328,0.9928594445809722
299881,536729,105207,136,0,0.8435300923883915,0.8485351619310677
299882,6557870,2240162,66,1,0.9395138886757195,0.9511282984167337
299883,5118591,1530386,96,1,0.6669212961569428,0.6736073377542198
299884,3705973,1074096,64,0,0.3110185186378658,0.31586835626512766
299885,2854564,804665,66,0,0.9136574072763324,0.9443311458453536
299886,482957,94408,66,0,0.7505902778357267,0.8701965739019215
299887,7002129,2471026,42,0,0.11313657416030765,0.11942409723997116
299888,4413017,1271773,97,0,0.7923379628919065,0.9248523148708045
299889,2100096,474422,17,0,0.5262731481343508,0.7783130672760308
299890,2579316,671170,9,1,0.6298726852983236,0.6349803935736418
299891,3701410,1086756,138,0,0.06842592591419816,0.12225075252354145
299892,1583756,260000,44,1,0.6745370370335877,0.6808636225759983
299893,6924353,2462714,49,0,0.7255324074067175,0.9166881367564201
299894,309686,57742,6,0,0.2696990738622844,0.2706560646183789
299895,3723331,1091582,64,0,0.5721990740858018,0.6207390394993126
299896,1361592,238449,122,0,0.8413425926119089,0.8631822452880442
299897,5505108,1657231,65,0,0.043645833153277636,0.048066689632833004
299898,409353,85453,138,0,0.5459606479853392,0.7468331712298095
299899,38962,9252,41,0,0.08540509268641472,0.13343391194939613
299900,1710722,303375,155,0,0.9609027779661119,40.935234050732106
299901,7001446,2470964,112,0,0.8053819444030523,0.8363068518228829
299902,2863626,808528,17,0,0.7143865739926696,0.8066226965747774
299903,5522873,1672442,136,0,0.9739236109890044,0.9790935069322586
299904,7365073,2705003,0,0,0.12241898151114583,0.12260608794167638
299905,2111262,479556,19,0,0.013726851902902126,0.020247858949005604
299906,2877589,813966,65,0,0.8766319444403052,0.8805288658477366
299907,2654416,681957,67,1,0.6626504631713033,0.7926771063357592
299908,1358800,238404,125,0,0.8652777778916061,0.8709053820930421
299909,2854380,804579,66,0,0.7941898149438202,0.8431097455322742
299910,2839425,798289,136,0,0.45969907427206635,0.9584968867711723
299911,1359004,237468,140,0,0.6548726852051914,0.6630993634462357
299912,1738249,305325,2,0,0.25736111123114824,
299913,1743164,306922,43,0,0.16605324065312743,0.2748710997402668
299914,3698070,1086041,64,0,0.7084837961010635,0.7107860068790615
299915,2578523,671129,9,1,0.7236226852983236,0.7473308448679745
299916,1986538,452178,42,0,0.9373148148879409,0.9450858682394028
299917,6269374,2059714,41,0,0.6718287034891546,0.6815878702327609
299918,1853937,354032,6,0,0.35025462973862886,0.3777783680707216
299919,2880338,789264,64,0,0.6593518517911434,0.7306969789788127
299920,2805711,789417,64,0,0.10997685184702277,0.13001751154661179
299921,5522119,1671803,66,0,0.5049421298317611,0.5580290392972529
299922,5816130,1937967,117,0,0.33630787022411823,0.6310729281976819
299923,2098880,473908,17,0,0.30273148138076067,0.321689676027745
299924,6550265,2237400,42,0,0.7469097222201526,0.7482231943868101
299925,2652709,680646,64,0,0.42089120391756296,0.5355623378418386
299926,204671,27421,42,1,0.574641203507781,0.578990810085088
299927,4424591,1270190,67,1,0.1810532407835126,0.24826195603236556
299928,2111156,479503,16,0,0.03655092604458332,0.05776136554777622
299929,6852149,2436863,41,0,0.46232638880610466,0.47228475706651807
299930,5519431,1669228,66,0,0.6355671295896173,0.6357112731784582
299931,4410734,1270676,136,0,0.4829976852051914,1.0566750694997609
299932,5818552,1938069,41,0,0.4000115739181638,0.40979825239628553
299933,1848846,350417,6,1,0.22865740722045302,1.2412687386386096
299934,3757153,1086890,138,0,0.9331249999813735,0.9493629396893084
299935,269054,35414,67,1,0.17497685179114342,2.1470941435545683
299936,2003788,455715,63,1,0.21623842604458332,1.519997418858111
299937,4414294,1272392,136,0,0.8643865738995373,0.9615504746325314
299938,6297012,2065805,67,1,0.2879166668280959,0.4379920600913465
299939,5040507,1506385,155,0,0.29854166647419333,0.5143711687996984
299940,6294173,2069292,144,0,0.012407407630234957,0.20939971087500453
299941,4419031,1274597,64,0,0.25488425930961967,0.26572177093476057
299942,4446522,1286216,136,0,0.8414699072018266,0.8517976156435907
299943,6461213,2209267,67,1,0.672997685149312,0.6770979515276849
299944,270890,33559,61,1,0.0020601851865649223,0.007727939635515213
299945,4414097,1272295,65,0,0.8103125002235174,1.1772004049271345
299946,4427657,1278114,65,0,0.649421296082437,0.6906249304302037
299947,40832,9328,122,0,0.3524189814925194,0.36299468763172626
299948,5514552,1664795,170,0,0.5695486110635102,0.6564610186032951
299949,3708156,1088168,65,0,0.49245370365679264,0.5024262266233563
299950,6637250,2251479,97,1,0.17118055559694767,0.1716202893294394
299951,2791618,785705,43,0,0.16174768516793847,0.16770413191989064
299952,7285164,2681193,43,0,0.13611111091449857,0.17802374996244907
299953,6628523,2251537,65,0,0.7717129630036652,0.7924677082337439
299954,36459,9126,42,0,0.9168981481343508,0.9240057524293661
299955,5381146,1611648,97,1,0.1871064812876284,0.18782793963328004
299956,41266,6462,42,0,0.07945601874962449,0.08036971045657992
299957,5873305,1944055,122,0,0.1504861111752689,0.15156030096113682
299958,505008,98738,66,0,0.8364583333022892,0.8857555785216391
299959,2469554,639995,42,0,0.8393749999813735,1.2830682871863246
299960,307765,57439,97,1,0.40903935162350535,2.227085370570421
299961,501042,98043,138,0,0.9481250001117587,1.0067690974101424
299962,6051918,2007596,22,0,0.18826388893648982,0.689628703519702
299963,6851256,2436747,122,0,0.5196527778171003,0.5401816321536899
299964,7031161,2486141,140,0,0.5724884257651865,0.5897892941720784
299965,2551138,664907,42,0,0.8434837963432074,0.9266751506365836
299966,152776,25102,41,0,0.5036226850934327,0.5048058219254017
299967,7397137,2718813,97,0,0.5417476850561798,0.6154759260825813
299968,4438066,1282672,66,0,0.8095138887874782,0.8097457177937031
299969,4416819,1273597,140,0,0.24070601863786578,0.7127383216284215
299970,7286820,2681030,116,0,0.34793981490656734,0.35405673598870635
299971,2573149,670823,9,1,0.7437615739181638,1.349641550797969
299972,7338297,2698071,42,0,0.4379398147575557,0.4409384145401418
299973,488027,95342,66,0,0.2133796294219792,0.5475894673727453
299974,511684,100298,68,0,0.5635763891041279,0.6550575229339302
299975,1849134,350562,9,0,0.6584490742534399,3.5130255091935396
299976,6872314,2443392,140,0,0.9135763887315989,0.9656551158986986
299977,2837959,797865,68,0,0.4554629628546536,0.5024830210022628
299978,3722027,1091328,64,0,0.5020370371639729,0.620751793961972
299979,6462665,2210219,97,1,0.9103124998509884,1.5765640623867512
299980,3701960,1074017,48,0,0.595011574216187,0.6520418864674866
299981,5468450,1640023,195,0,0.8111921297386289,1.5976207754574716
299982,2576875,670826,125,0,0.6816898146644235,0.7027506711892784
299983,204020,27387,44,1,0.9012384261004627,1.0762340971268713
299984,4444303,1285229,138,0,0.8125925925560296,0.834727430716157
299985,2550071,666059,123,0,0.6850578705780208,0.7023263657465577
299986,5510440,1661577,66,0,0.04581018537282944,0.09432569425553083
299987,2840735,798855,138,0,0.6942476853728294,1.151907280087471
299988,5873201,1944007,67,1,0.6950810183770955,0.6988149420358241
299989,2107507,477737,64,0,0.7525231479667127,0.7659922568127513
299990,2103112,475849,136,0,0.8590046297758818,1.815029073972255
299991,2652968,680833,67,1,0.42869212944060564,2.26400954881683
299992,6082606,2013567,41,0,0.2510069445706904,0.2700577429495752
299993,37511,6423,42,0,0.5073148147203028,1.206574583426118
299994,5515776,1665899,122,0,0.4280324075371027,0.4293357292190194
299995,4460951,1292842,65,0,0.856168981641531,0.8599780439399183
299996,205028,27457,44,1,0.8028009259141982,0.8810223611071706
299997,3472,958,8,0,0.6373263890855014,0.7494262270629406
299998,2867686,810120,19,0,0.370682870503515,0.3898543403483927
299999,5513157,1663591,66,0,0.5946527780033648,0.6359609607607126
300000,2840689,798834,23,0,0.6710185185074806,1.3303183219395578
300001,5242658,1559703,116,0,0.53015046287328,0.5401156134903431
300002,5289257,1582494,65,0,0.9590740739367902,0.9638504744507372
300003,7199106,2638980,97,1,0.5944097223691642,0.6678750463761389
300004,340418,62350,193,0,0.8479398149065673,
300005,5525508,1674896,122,0,0.4767824076116085,0.4779537385329604
300006,5243474,1560181,119,0,0.5158680556342006,0.5541822453960776
300007,6901432,2460687,193,0,0.9255092591047287,0.9371281252242625
300008,1356822,238247,44,1,0.9018055554479361,0.9238758333958685
300009,1674334,295813,45,0,0.7363310186192393,1.536103518679738
300010,6443722,2201959,42,0,0.8736111111938953,0.8780563427135348
300011,1848819,350371,9,1,0.4096643519587815,0.7426095600239933
300012,3692127,1074017,48,0,0.5908680553548038,0.7279014466330409
300013,2469641,639994,193,0,0.13348379638046026,0.175300647970289
300014,391816,84201,65,0,0.8927662037312984,0.8992267362773418
300015,1983615,452178,42,0,0.9943981482647359,1.0010366318747401
300016,7338825,2699695,41,0,0.7757060183212161,0.7893668632023036
300017,6297619,2072587,67,0,0.9684143518097699,0.9998591667972505
300018,6294356,2069474,65,0,0.011932870373129845,0.017176631838083267
300019,6628793,2251727,66,0,0.589270833414048,0.6305540045723319
300020,2110139,479005,136,0,0.6895254631526768,0.6943202894181013
300021,3695211,1085473,136,0,0.6589814815670252,0.7459498611278832
300022,6869571,2441562,67,1,0.08348379610106349,0.08746730303391814
300023,3722802,1091460,64,0,0.5522685186006129,0.6207858449779451
300024,2806395,789333,64,0,0.1400115741416812,0.1534234257414937
300025,1987003,453133,41,0,0.8175694444216788,0.8274425463750958
300026,4427238,1277908,65,0,0.2256597219966352,0.23277982650324702
300027,5040508,1506385,155,0,0.29854166647419333,0.5143711687996984
300028,2108344,478137,65,0,0.7643055557273328,0.7770694675855339
300029,1823561,342305,112,0,0.7358449073508382,0.7697435300797224
300030,3695172,1085465,136,0,0.65515046287328,0.8470453703776002
300031,121777,23712,122,0,0.7415162036195397,0.7724707289598882
300032,5515701,1665834,66,0,0.30118055548518896,0.34030142379924655
300033,394932,84458,63,1,0.8483101851306856,1.3872531480155885
300034,7031947,2486766,97,0,0.021562499925494194,0.09101798618212342
300035,5522926,1672495,64,0,0.8800925924442708,0.8807754167355597
300036,145619,25157,41,0,0.5456597222946584,0.5554422684945166
300037,5117799,1529816,66,1,0.9459027778357267,0.9551966437138617
300038,150188,23710,42,0,0.884074074216187,0.8911224072799087
300039,6874601,2441876,67,1,0.00013888906687498093,0.0038274885155260563
300040,6870476,2442043,66,0,0.22971064830198884,0.2887330441735685
300041,1674589,295657,42,0,0.968738425988704,0.9898885302245617
300042,7398562,2719285,64,0,0.5879513886757195,0.6207111342810094
300043,40942,9313,41,0,0.7445138888433576,0.7457274305634201
300044,6195863,2038270,44,0,0.41739583341404796,0.48760216450318694
300045,149609,25277,41,0,0.39949074061587453,0.4095958797261119
300046,205049,27459,122,0,0.8574768519029021,0.8933103936724365
300047,2653661,681416,66,0,0.40968749998137355,0.441859386395663
300048,4140,1192,6,0,0.0014814813621342182,0.0027959258295595646
300049,543612,86393,67,1,0.6636921297758818,0.6643232177011669
300050,1853161,353395,6,0,0.1882175924256444,0.22484214138239622
300051,4432724,1280421,65,0,0.44511574087664485,0.4554173033684492
300052,504851,98708,68,0,0.851724537089467,0.9447820256464183
300053,7031357,2486333,97,0,0.0005671298131346703,0.0390823264606297
300054,5834312,1940635,42,0,0.494571759365499,0.49548520846292377
300055,88774,12222,276,0,0.18862268514931202,0.24902287032455206
300056,39065,9254,41,0,0.024849536828696728,0.034783842507749796
300057,3572175,1052823,197,0,0.3285648147575557,0.35084158554673195
300058,5413146,1617422,162,0,0.05184027785435319,1.9711729511618614
300059,7030656,2485804,66,0,0.6997222220525146,0.7356113772839308
300060,5924843,1955755,42,0,0.5460995370522141,0.5671979282051325
300061,40288,9297,122,0,0.16084490763023496,0.17021450214087963
300062,3571958,1052713,120,0,0.9424074073322117,0.9557211687788367
300063,7282896,2680982,193,0,0.2118055555038154,14.406182025559247
300064,5182000,1547303,42,0,0.6741435183212161,0.9625050113536417
300065,7034905,2489554,79,0,0.8023958331905305,0.8328664121218026
300066,6442397,2203486,125,0,0.7966782408766448,0.8241935763508081
300067,6556154,2239238,42,0,0.8279282408766448,0.96386539330706
300068,413275,86347,64,0,0.6467824075371027,3.1027030209079385
300069,5282125,1581558,97,1,0.2170601850375533,2.170321099460125
300070,2096882,473101,16,0,0.061620370484888554,0.22069494193419814
300071,6851780,2436580,42,0,0.17863425938412547,0.18653807882219553
300072,2469257,640955,42,0,0.12193287024274468,0.39252817118540406
300073,121365,23711,122,0,0.719884259160608,0.772483819629997
300074,4418489,1266368,97,1,0.14276620373129845,0.29229982616379857
300075,6900192,2460687,193,0,0.7866550926119089,0.8078390276059508
300076,5514531,1664774,65,0,0.56777777755633,0.5806442592293024
300077,4411865,1271203,136,0,0.7057986110448837,1.2754076505079865
300078,4421194,1275616,76,0,0.7105324072763324,0.7357889004051685
300079,6126564,2021283,41,0,0.25369212962687016,0.26376096066087484
300080,206890,27587,97,1,0.599166666623205,0.6955495602451265
300081,307479,57420,9,1,0.2173495371825993,1.5200047455728054
300082,7243685,2659553,201,0,0.1926157409325242,0.4380303933285177
300083,20151,6429,67,1,0.6883796295151114,0.6921366201713681
300084,6281791,2062953,42,0,0.1309027778916061,0.4958659606054425
300085,5525043,1674537,67,1,0.4078356479294598,0.41043128492310643
300086,492772,96242,177,0,0.3545949072577059,0.3944715280085802
300087,148053,25237,122,0,0.8968402775935829,0.9217960070818663
300088,2108464,478188,16,0,0.8015509257093072,0.804465995170176
300089,5805088,1934236,41,0,0.9094097223132849,12.843974316958338
300090,5891692,1947655,41,0,0.9840509258210659,0.9943420719355345
300091,2883407,815752,66,0,0.708865740802139,0.7574894442223012
300092,3744748,1096426,64,0,0.3541203704662621,0.36672736098989844
300093,3640372,1077697,66,0,0.048113425727933645,0.08055804390460253
300094,6555737,2239114,122,0,0.36997685162350535,0.3861086806282401
300095,5816061,1937954,42,0,0.23535879608243704,21.26319145830348
300096,5245245,1559634,116,0,0.261018518358469,0.267845428083092
300097,5045426,1507656,452,0,0.3358680554665625,2.2651260532438755
300098,1355471,238355,44,1,0.4623148147948086,0.5041413540020585
300099,1624243,269635,97,1,0.41638888884335756,1.2805946641601622
300100,4447522,1286626,66,0,0.31957175908610225,0.44078844925388694
300101,5513386,1656550,97,1,0.10961805563420057,0.803613715339452
300102,2813109,791695,65,0,0.8227777779102325,0.8655254859477282
300103,1983592,452183,42,0,0.9026967594400048,0.9036033563315868
300104,2643757,677747,42,0,0.5774189815856516,0.5853946064598858
300105,3605388,1070718,274,0,0.9090046295896173,0.9696370139718056
300106,409306,85453,138,0,0.5459606479853392,0.7652286803349853
300107,2857517,805937,64,0,0.5847337963059545,0.620722986292094
300108,5157505,1537709,42,0,0.07501157419756055,0.07651842571794987
300109,3752541,1074096,64,0,0.03366898139938712,0.046064131893217564
300110,6299971,2074778,64,0,0.751273148227483,0.7525812154635787
300111,3701453,1086756,138,0,0.06842592591419816,0.103327511344105
300112,5908490,1950104,42,0,0.5508680557832122,0.5573498494923115
300113,3752792,1098298,64,0,0.05690972227603197,0.05691906251013279
300114,5513230,1663660,66,0,0.5014120368286967,0.5501961573027074
300115,406097,85249,65,0,0.2051736111752689,8.148703495506197
300116,3732097,1093592,64,0,0.4174537034705281,0.5355823840945959
300117,2882003,789315,67,1,0.08348379610106349,0.08736427081748843
300118,2838898,798115,66,0,0.2962962961755693,0.9010647684335709
300119,207709,27659,44,1,0.7165509257465601,0.7353462614119053
300120,5818511,1938091,41,0,0.39979166677221656,0.40959479147568345
300121,5919060,1953259,6,0,0.07539351843297482,0.07669482659548521
300122,4424606,1270190,67,1,0.1810532407835126,0.24826202541589737
300123,7032593,2487369,65,0,0.6649074074812233,0.6808508331887424
300124,208829,27458,44,1,0.8027893519029021,0.8659451273269951
300125,540578,92484,138,0,0.8856134261004627,0.9493073262274265
300126,540856,105761,64,0,0.8870023149065673,0.9522078125737607
300127,3605767,1071096,274,0,0.18768518511205912,0.1877351156435907
300128,6850718,2436656,41,0,0.14956018514931202,0.15980951394885778
300129,6295848,2070933,64,0,0.8355555557645857,0.8662198726087809
300130,4415404,1272936,65,0,0.917106481269002,0.9261441896669567
300131,1606911,264729,193,0,0.40331018529832363,0.4050318980589509
300132,1709484,302375,43,0,0.4828009260818362,1.3698913427069783
300133,5295361,1585153,64,0,0.4209837964735925,0.4324882524088025
300134,535740,86167,66,0,0.841678240802139,0.8516783332452178
300135,5977634,1972796,67,1,0.3191319443285465,0.3210421181283891
300136,5515204,1665362,64,0,0.5013541667722166,0.5356430672109127
300137,550101,90779,140,0,0.1635532407090068,0.17815718753263354
300138,2641208,676765,42,0,0.06921296287328005,0.20938998833298683
300139,5291948,1583742,65,0,0.751122685149312,0.9608975229784846
300140,4446786,1286306,66,0,0.27215277776122093,0.30314175924286246
300141,39423,9172,42,0,0.23591435188427567,0.23766936361789703
300142,1583842,260017,61,1,0.875960648059845,1.0941348150372505
300143,5833389,1939045,43,0,0.6303240740671754,1.0170068750157952
300144,1662787,295155,48,0,0.5235532405786216,3.4347297567874193
300145,5519913,1669702,65,0,0.8348958333954215,0.8418620717711747
300146,3571892,1046424,193,0,0.22370370384305716,0.2266201968304813
300147,5516532,1664358,67,1,0.28792824083939195,0.5484053934924304
300148,3570692,1051928,193,0,0.15090277791023254,0.15774549776688218
300149,1711125,303280,43,0,0.0820486112497747,0.08653966430574656
300150,2510947,646485,125,0,0.5669444445520639,0.6541432640515268
300151,4409504,1270245,67,1,0.2893402776680887,
300152,1854310,354400,10,0,0.7193865738809109,0.7493490162305534
300153,1854953,354979,8,0,0.24109953688457608,0.24687761580571532
300154,41892,9363,67,1,0.6954398145899177,0.6991911572404206
300155,2764613,767716,67,1,0.42657407419756055,1.5252554514445364
300156,5338427,1602755,43,0,0.9178009261377156,0.9267424768768251
300157,4436108,1281920,97,1,0.4168287036009133,0.4205451849848032
300158,2859742,789333,64,0,0.9748958335258067,0.9856388424523175
300159,5907290,1949724,123,0,0.5844328701496124,1.1262164236977696
300160,471966,93144,144,0,0.7177314814180136,0.7257186225615442
300161,6290755,2066574,136,0,0.371504629496485,0.3764732060953975
300162,4412683,1271611,138,0,0.786828703712672,0.7951208218000829
300163,553530,85211,97,1,0.14829861093312502,0.148777823895216
300164,501361,98071,138,0,0.825763888657093,46.807966840453446
300165,307464,57420,9,1,0.2173495371825993,1.5200046179816127
300166,532849,86167,66,0,0.841678240802139,0.8524349420331419
300167,2836929,797455,64,0,0.25488425930961967,0.26569643523544073
300168,6294345,2069463,97,0,0.011886573862284422,0.01204031240195036
300169,5225810,1553787,42,0,0.7117592594586313,0.9600025461986661
300170,6126258,2021219,41,0,0.3785300925374031,0.38877755776047707
300171,1298344,232419,22,0,0.16770833311602473,0.2690185997635126
300172,547068,95499,67,1,0.3128935187123716,0.31619175942614675
300173,2579544,671297,49,0,0.6349768517538905,0.6466895025223494
300174,148322,23684,42,0,0.6610416667535901,0.7554974881932139
300175,2078753,465817,136,0,0.802326388657093,0.840765428263694
300176,7365637,2705383,0,0,0.9942245371639729,0.9945299769751728
300177,7036068,2490696,97,0,0.17934027779847383,0.1796810650266707
300178,5510347,1661484,66,0,0.0358217591419816,0.08960185199975967
300179,4414661,1272571,64,0,0.887141203507781,0.9521360765211284
300180,6052275,2007674,19,0,0.784756944514811,0.812934837769717
300181,2643569,676855,42,0,0.8317129630595446,0.8395904861390591
300182,3680270,1082147,65,0,0.753483796492219,1.5116857872344553
300183,6873005,2443354,136,0,0.8559375000186265,0.8579009720124304
300184,6871982,2443186,140,0,0.6546759260818362,0.677462812513113
300185,2111457,479642,65,0,0.6789930555969477,0.6851773960515857
300186,540531,92484,138,0,0.8856134261004627,0.9447933216579258
300187,6851706,2436508,42,0,0.5761111113242805,0.7555078007280827
300188,3569438,1051160,120,0,0.9088657405227423,10.262769942171872
300189,6923875,2462718,97,1,0.9182060183957219,1.4316602894105017
300190,4464112,1294291,65,0,0.7395833334885538,0.7439748146571219
300191,3733176,1072971,138,0,0.4351967591792345,0.5671804747544229
300192,1625495,270486,67,1,0.2962384261190891,2.148123912047595
300193,4410620,1270619,136,0,0.4609722220338881,1.1837470484897494
300194,7285106,2681825,112,0,0.40443287044763565,0.4143787962384522
300195,5293721,1584506,97,1,0.20879629626870155,0.21291212970390916
300196,6924271,2461452,116,0,0.19929398130625486,0.45263185165822506
300197,6637579,2258038,68,0,0.9673611111938953,1.008873067330569
300198,5885279,1945349,136,0,0.6657754629850388,3.200374409556389
300199,395481,84482,63,1,0.8622453701682389,0.9697749307379127
300200,6640055,2260352,65,0,0.5274189813062549,0.5312544559128582
300201,3740954,1095575,136,0,0.029618055559694767,0.043317962903529406
300202,6282424,2063206,43,0,0.6740624997764826,0.6965474071912467
300203,2657141,684130,97,0,0.7151041668839753,0.8780137035064399
300204,144847,25143,41,0,0.08432870358228683,0.10233305534347892
300205,2109685,478783,17,0,0.40677083330228925,0.40694630797952414
300206,2836948,797465,64,0,0.25488425930961967,0.26565774297341704
300207,6268713,2059620,49,0,0.761307870503515,
300208,4459044,1291982,65,0,0.3599074073135853,0.3889747220091522
300209,3711541,1088848,64,0,0.2657407405786216,0.31432200223207474
300210,559503,101839,70,0,0.2805324075743556,0.28816957166418433
300211,539068,105509,136,0,0.8450578702613711,0.8509443057700992
300212,389304,83982,97,1,0.08715277770534158,0.3587059839628637
300213,3728615,1072451,64,0,0.8026851853355765,0.8269125809893012
300214,7037511,2491987,65,0,0.6275578704662621,0.6356540974229574
300215,4414986,1272734,65,0,0.8933680555783212,0.9229566319845617
300216,6558464,2240507,66,1,0.3693865742534399,0.3753481018356979
300217,4462402,1293538,67,1,0.041851851623505354,0.04546670150011778
300218,408927,85430,63,1,0.5273842592723668,0.7929512960836291
300219,2862355,808013,136,0,0.1883333334699273,0.1947878934442997
300220,6082376,2013568,41,0,0.250972222071141,0.27183048613369465
300221,4410305,1270461,136,0,0.4571180557832122,1.0852904631756246
300222,149213,25270,41,0,0.9633564813993871,0.9732835185714066
300223,3720243,1074096,64,0,0.4545717593282461,0.46799878450110555
300224,6873766,2444649,64,0,0.3743634261190891,0.3769170488230884
300225,2577775,670826,125,0,0.6402662037871778,0.6594957173801959
300226,1664165,295254,41,0,0.5036689816042781,0.5137753589078784
300227,5157018,1537955,48,0,0.602546296082437,0.6123331943526864
300228,291871,52022,42,0,0.8041898147203028,0.8051496297121048
300229,2578102,670832,125,0,0.3506944444961846,0.3724491549655795
300230,1606337,264589,119,0,0.5813078703358769,1.084964456036687
300231,6296583,2071622,73,0,0.2623032405972481,0.35504138888791203
300232,3801,1089,6,0,0.8733912035822868,0.8746746410615742
300233,547101,95499,67,1,0.3128935187123716,0.3182398844510317
300234,534698,94328,138,0,0.7545601851306856,0.813917881809175
300235,5500654,1654380,43,0,0.8116435185074806,
300236,6549469,2237525,122,0,0.15841435175389051,0.16308850701898336
300237,4427827,1278198,65,0,0.6514699072577059,0.7045005206018686
300238,2107741,477850,17,0,0.12703703716397285,0.1336991898715496
300239,6293004,2068266,136,0,0.5631018518470228,1.0631225113756955
300240,4419349,1274756,64,0,0.2554745371453464,0.2655765973031521
300241,6107506,2015047,42,0,0.23125000018626451,0.253794988617301
300242,7244656,2660109,120,0,0.978784722276032,10.25751569448039
300243,5381370,1612030,97,1,0.7294328701682389,0.7355857640504837
300244,2834077,796353,68,0,0.2959837964735925,0.396823622751981
300245,4434787,1279921,140,0,0.5250347224064171,0.5692461575381458
300246,5294166,1584599,68,0,0.2973842592909932,0.37103293975815177
300247,6599814,2247948,42,0,0.4297916665673256,0.4350265394896269
300248,1674827,297271,41,0,0.5036921296268702,0.513775983825326
300249,552802,85255,65,0,0.22417824063450098,0.22495542839169502
300250,6126914,2021360,122,0,0.9053472219966352,1.0033672568388283
300251,2659325,686167,67,0,0.8339351853355765,1.0074275694787502
300252,1549621,249001,116,0,0.8143402775749564,0.8264543632976711
300253,1986142,452176,42,0,0.6561574074439704,0.6696271528489888
300254,7030101,2485358,65,0,0.3778125001117587,0.38658449053764343
300255,1360261,238426,42,1,0.9672916666604578,1.1938707060180604
300256,6598994,2247005,136,0,0.8455208335071802,0.8977296412922442
300257,540605,105733,64,0,0.8856365741230547,0.9521875926293433
300258,1662807,295163,42,0,0.6313773146830499,0.9000597107224166
300259,5046827,1507848,44,0,0.7124189813621342,0.7137532639317214
300260,6084879,2013567,41,0,0.6545370370149612,0.6740793865174055
300261,4438852,1283029,95,0,0.3075694446451962,0.516462245490402
300262,2100410,474579,17,0,0.5275462963618338,0.7944489466026425
300263,1662685,295133,44,0,0.4166203704662621,0.48760442109778523
300264,2863432,808444,19,0,0.3812268520705402,0.3904085187241435
300265,409386,85454,140,0,0.5459606479853392,1.691426678095013
300266,3770607,1102406,67,0,0.04082175903022289,0.05627369228750467
300267,1350982,238217,42,0,0.7782407407648861,1.307958159595728
300268,530414,104252,66,0,0.6401967592537403,0.6737917475402355
300269,485926,95038,66,0,0.7939930553548038,0.9298928934149444
300270,7396583,2718701,144,0,0.08973379619419575,
300271,2659187,686047,68,0,0.01708333333954215,0.03488396992906928
300272,3693742,1085141,64,0,0.5859722220338881,0.7016393863596022
300273,517764,85238,67,1,0.18118055537343025,0.2193526504561305
300274,7245508,2660570,194,0,0.4318749997764826,0.4386059492826462
300275,1808321,337643,122,0,0.26539351837709546,0.29306605318561196
300276,2573344,670827,125,0,0.9318981482647359,0.9456208334304392
300277,404385,85190,136,0,0.04307870380580425,1.011790867894888
300278,3670969,1080169,65,0,0.36572916666045785,0.42692569456994534
300279,497189,97200,66,0,0.5016550924628973,0.5483023030683398
300280,39810,6397,42,0,0.9517129631713033,0.9550168863497674
300281,7037793,2492261,96,0,0.6866550925187767,0.7371741202659905
300282,4430344,1279328,136,0,0.24825231498107314,0.3336014929227531
300283,533211,104524,136,0,0.8460069443099201,0.8587482636794448
300284,4355884,1235351,0,0,0.15694444440305233,0.15736533561721444
300285,1824066,342306,112,0,0.7385995369404554,0.7698411806486547
300286,5045555,1507676,67,1,0.3182523148134351,1.3542976737953722
300287,4417183,1273730,65,0,0.5788078703917563,0.6776484721340239
300288,1808799,337717,41,0,0.6298842593096197,0.6399282175116241
300289,413424,86370,97,0,0.6519097220152617,0.6911735762842
300290,2880730,815017,16,0,0.3488194444216788,0.375391261652112
300291,3744464,1074103,64,0,0.3548379628919065,0.370031944476068
300292,4424910,1276846,66,0,0.08600694453343749,0.13818407384678721
300293,2862132,807907,136,0,0.841504629701376,0.8482992937788367
300294,2103666,476115,64,0,0.9179513887502253,0.9520921180956066
300295,411680,85991,64,0,0.5893171294592321,0.7016288423910737
300296,2099457,474144,23,0,0.34175925934687257,0.5978390858508646
300297,151312,23659,41,0,0.7022106479853392,0.7070740857161582
300298,2866419,798044,136,0,0.7860069442540407,0.7904741088859737
300299,466950,92102,64,0,0.25163194444030523,0.25554214138537645
300300,5468754,1640159,119,0,0.04335648147389293,0.05940803233534098
300301,389312,83982,97,1,0.08715277770534158,0.35870600678026676
300302,2551467,666439,42,0,0.7030324074439704,0.7135886340402067
300303,5292673,1584036,68,0,0.05232638865709305,0.08734912052750587
300304,2791226,787031,44,0,0.6933796294033527,0.7220241781324148
300305,3769233,1102064,66,1,0.9638888887129724,0.9644810995087028
300306,1808903,336259,42,0,0.5686689815483987,0.569931898266077
300307,6127725,2021027,41,0,0.974201388657093,1.0180288078263402
300308,4446701,1281397,136,0,0.18281249981373549,0.18479974521324039
300309,7036180,2490807,65,0,0.689733796287328,0.698896492831409
300310,5468084,1639830,112,0,0.01311342604458332,0.014372731558978558
300311,4416604,1273515,65,0,0.6316319443285465,0.6493255440145731
300312,4393569,1266738,65,0,0.5763425924815238,0.6074268636293709
300313,492453,96179,177,0,0.3027430553920567,0.39447149308398366
300314,143775,25119,122,0,0.2890972220338881,0.3647034144960344
300315,4424528,1270188,67,1,0.18104166677221656,0.4069887846708298
300316,2884617,789333,64,0,0.6980787036009133,0.7106640855781734
300317,7282725,2680982,193,0,0.2118055555038154,14.406179814599454
300318,6634549,2255623,67,1,0.28825231501832604,0.289480266161263
300319,5511541,1662359,67,1,0.4078240739181638,1.517780034802854
300320,6556176,2239238,42,0,0.8279282408766448,0.9638660764321685
300321,151659,25319,41,0,0.358402777928859,0.3679379280656576
300322,1359270,238415,122,0,0.28032407397404313,0.28987561352550983
300323,5504205,1656354,136,0,0.8680208334699273,0.8730613309890032
300324,5524765,1674276,136,0,0.7795949075371027,0.7812194558791816
300325,544563,106427,79,0,0.012731481343507767,0.023288159631192684
300326,471044,92935,67,1,0.7004050924442708,0.7124117477796972
300327,2790588,786958,44,0,0.5546296294778585,0.5773159377276897
300328,2017959,458918,112,0,0.8682638891041279,0.933052338194102
300329,342795,63549,200,0,0.1477546296082437,0.1497202548198402
300330,2864334,789698,64,0,0.6301620369777083,0.6661169789731503
300331,1674665,295657,42,0,0.9640624998137355,0.9647962963208556
300332,2447566,633991,42,0,0.16094907419756055,0.31531761586666107
300333,2568637,670581,42,0,0.3745601852424443,4.146445381920785
300334,2577765,670826,125,0,0.6402662037871778,0.6575790625065565
300335,2873902,812472,138,0,0.27890046313405037,0.30257271975278854
300336,2862085,807907,136,0,0.841504629701376,0.8482990162447095
300337,5243315,1560081,285,0,0.2925231480039656,0.7301914468407631
300338,4417659,1273964,67,0,0.6249537034891546,0.7056768517941236
300339,5525566,1674954,136,0,0.420613425783813,0.4259611344896257
300340,5516814,1666690,64,0,0.6691435184329748,0.7016900232993066
300341,5997695,1976431,276,0,0.8320601852610707,0.8602532292716205
300342,553290,107969,67,1,0.14600694458931684,0.14984622690826654
300343,2808177,790579,66,0,0.1483680554665625,0.17360225692391396
300344,3770192,1102303,65,0,0.2096064812503755,0.21303348382934928
300345,2879925,814689,67,1,0.12518518511205912,0.12899943301454186
300346,7282760,2680982,193,0,0.2118055555038154,14.40618031239137
300347,5513802,1664131,66,0,0.12563657388091087,0.18438149290159345
300348,3756636,1099176,64,0,0.9210069444961846,0.9521098844707012
300349,5816885,1938017,112,0,0.8091319445520639,0.8360565393231809
300350,5503612,1655920,65,0,0.09003472235053778,0.09373935172334313
300351,5907637,1949872,122,0,0.6530092591419816,1.0232484606094658
300352,6811928,2413649,155,0,0.5036689816042781,0.5802963427267969
300353,2882962,814236,67,1,0.00013888906687498093,0.004107268527150154
300354,513527,100739,64,0,0.4193865740671754,0.5355635299347341
300355,41741,9030,158,0,0.5854282407090068,0.5902943634428084
300356,3758057,1099443,65,0,0.4933333331719041,0.4982598265632987
300357,1357027,238371,44,1,0.958715277723968,1.04736980330199
300358,151609,25319,41,0,0.358402777928859,0.36793767381459475
300359,5524689,1674202,65,0,0.9446064815856516,0.950072418898344
300360,6558866,2240732,66,1,0.9697569445706904,0.982822731602937
300361,364132,77379,42,0,0.06146990740671754,0.6122193173505366
300362,523600,92905,67,1,0.6869907407090068,0.6878096875734627
300363,4429735,1279044,66,1,0.9604513887315989,0.9769025463610888
300364,3690297,1073551,122,0,0.874189815018326,
300365,2098982,473954,19,0,0.5406134258955717,0.5821610763669014
300366,1583702,258156,42,0,0.0537847219966352,0.6220424654893577
300367,4454485,1289795,65,0,0.6222222223877907,0.6267733215354383
300368,5819685,1938174,44,0,0.7102083335630596,0.7138764006085694
300369,3723408,1091601,64,0,0.5723379631526768,0.6207323609851301
300370,145503,25155,122,0,0.5400694445706904,0.5771552775986493
300371,3692639,1084875,64,0,0.420902777928859,0.7016453123651445
300372,4450379,1287870,65,0,0.5749768516980112,0.6017115856520832
300373,4407737,1269807,76,0,0.42292824061587453,2.0477151852101088
300374,5504317,1656458,66,0,0.6324074072763324,0.6746799419634044
300375,2100944,474811,23,0,0.6365740741603076,0.8740176502615213
300376,145703,25157,41,0,0.5456597222946584,0.5554425693117082
300377,482054,94314,97,1,0.16002314817160368,0.3173549538478255
300378,1855148,355173,6,0,0.9293518518097699,0.9392500347457826
300379,560853,109120,66,0,0.75527777755633,0.7737943748943508
300380,2108696,478302,19,0,0.4997916668653488,0.5065701850689948
300381,2580335,670808,125,0,0.03486111108213663,0.09051290526986122
300382,7244908,2660261,116,0,0.052743055392056704,0.06037526624277234
300383,488390,95373,97,0,0.22972222231328487,0.37554236128926277
300384,269269,33559,61,1,0.5675578704103827,0.5844934489578009
300385,6295144,2070240,66,0,0.6692013889551163,0.7082786806859076
300386,389450,83983,97,1,0.08785879611968994,0.09314335649833083
300387,7030178,2485435,65,0,0.3876620368100703,0.39274883083999157
300388,148042,25237,122,0,0.8968402775935829,0.9217959721572697
300389,6637238,2257743,64,0,0.01354166679084301,0.014336689841002226
300390,6558492,2240528,66,1,0.6101157409138978,0.6165028242394328
300391,517893,84026,138,0,0.08033564826473594,0.09971743077039719
300392,2535555,663168,192,0,0.02936342591419816,0.030653923749923706
300393,2812540,791540,67,1,0.3973958333954215,2.264224189799279
300394,7244554,2660042,112,0,0.7444675927981734,
300395,2108804,478354,136,0,0.6968171298503876,0.7017774768173695
300396,1360268,238426,42,1,0.9672916666604578,1.1938707293011248
300397,1709254,303299,67,1,0.3218981479294598,2.1745621296577156
300398,2833778,796213,65,0,0.44939814833924174,0.45301915518939495
300399,2876730,813575,66,0,0.45893518533557653,0.5184089466929436
300400,2846310,791142,43,0,0.5561226853169501,0.7746132640168071
300401,9910,3421,42,0,0.5176851851865649,0.5208261227235198
300402,2654412,681957,67,1,0.6626504631713033,0.7327278009615839
300403,5924266,1955712,41,0,0.5247800927609205,0.5347646758891642
300404,2840690,798835,20,0,0.6713773147203028,1.7026247917674482
300405,2550112,666060,122,0,0.6088194446638227,0.7079012729227543
300406,2099784,474301,65,0,0.6458217594772577,0.6625657407566905
300407,1986759,453103,44,0,0.7479745368473232,0.7737115160562098
300408,4460408,1292585,93,0,0.4541666666045785,0.4570444212295115
300409,40874,9282,122,0,0.4523263890296221,0.4653325811959803
300410,4438347,1282790,65,0,0.3501620371825993,0.3658568519167602
300411,2111090,479470,16,0,0.036527777556329966,0.057761342730373144
300412,6084654,2013569,41,0,0.6545023149810731,0.6708931135945022
300413,1825536,342610,112,0,0.8010995369404554,0.8360639931634068
300414,1853474,353666,6,0,0.12053240742534399,0.16450011590495706
300415,3671935,1080404,65,0,0.31752314837649465,0.3208270603790879
300416,1825655,342610,112,0,0.8010995369404554,0.8360652662813663
300417,1809263,337678,45,0,0.9379513887688518,0.944946666713804
300418,115423,23423,136,0,0.37869212962687016,2.1906498493626714
300419,7001292,2470964,112,0,0.8053819444030523,0.8363052778877318
300420,203889,27380,44,1,0.9008564813993871,1.0229361806996167
300421,2510945,646464,125,0,0.5668402779847383,0.6541439816355705
300422,2859256,806685,79,0,0.9587847222574055,0.9975892822258174
300423,5467511,1639556,116,0,0.08452546317130327,0.09028359968215227
300424,3549598,1043443,43,0,0.7942824074998498,0.7971975579857826
300425,1549635,249011,194,0,0.14078703708946705,0.25940282410010695
300426,5996965,1975701,275,0,0.40097222244367003,0.47813570592552423
300427,2109662,478771,19,0,0.6315046297386289,0.638299479149282
300428,5047004,1506391,45,0,0.7828124999068677,0.8037904859520495
300429,5293763,1584506,97,1,0.20879629626870155,0.21291243052110076
300430,2838394,797996,67,0,0.5204745368100703,0.5552643053233624
300431,512449,100484,65,0,0.5867824074812233,0.614882580935955
300432,1686855,299510,196,0,0.4653703705407679,1.2820106712169945
300433,5517789,1667621,65,0,0.9710532408207655,0.9845449072308838
300434,88834,12282,274,0,0.4826851850375533,0.5578387500718236
300435,1711128,303279,42,0,0.0826620371080935,0.08419766183942556
300436,3714763,1089595,66,0,0.8230439815670252,0.8751202430576086
300437,3697175,1072558,43,0,0.6276620370335877,0.6806400809437037
300438,4343724,1233930,41,0,0.731180555652827,0.7319696294143796
300439,2106991,477560,65,0,0.13747685169801116,0.13919344916939735
300440,514223,100907,96,0,0.5017245369963348,0.5430874191224575
300441,6635923,2256558,138,0,0.9333796296268702,0.9810464582405984
300442,2578693,671252,125,0,0.8901851852424443,0.9039709377102554
300443,2097241,473279,174,0,0.1567592592909932,0.21910057868808508
300444,1674305,297193,41,0,0.4205092592164874,0.4304376966319978
300445,550145,107447,67,1,0.1762962960638106,0.18040648149326444
300446,484852,94785,95,0,0.7924768519587815,0.8861290970817208
300447,2099117,474022,22,0,0.18482638895511627,0.358540624845773
300448,412160,86111,64,0,0.5900115738622844,0.7016892363317311
300449,1808435,336270,42,0,0.6465162038803101,0.6545990854501724
300450,2835973,797050,66,0,0.08375000022351742,0.09829009277746081
300451,1854398,354484,7,1,0.6088194446638227,0.637980567291379
300452,6516362,2235944,43,0,0.09070601873099804,0.20981920138001442
300453,4451924,1288596,65,0,0.3485648147761822,0.3748355093412101
300454,4355609,1235352,0,0,0.431782407220453,0.4321653125807643
300455,4461552,1293136,65,0,0.38009259244427085,0.38721631933003664
300456,2575331,671023,97,1,0.3612037035636604,2.1745915971696377
300457,6081556,2013459,47,0,0.22440972225740552,2.7457741433754563
300458,2102188,475397,16,0,0.44890046305954456,0.47845377307385206
300459,469535,92734,66,1,0.9606712963432074,0.9769051619805396
300460,3572094,1052783,112,0,0.31806712970137596,0.3226035302504897
300461,467225,92171,68,0,0.21944444440305233,0.2575853820890188
300462,5924967,1955839,41,0,0.7049305555410683,0.7459773840382695
300463,3692979,1084957,64,0,0.4938888889737427,0.7016887846402824
300464,5458363,1635671,116,0,0.633773148059845,0.6425109952688217
300465,1550010,249177,112,0,0.09612268535420299,0.10632447898387909
300466,2102366,475486,19,0,0.6560300923883915,1.042856342624873
300467,6128607,2021518,122,0,0.40594907384365797,0.4125676043331623
300468,2811679,791309,136,0,0.8450347222387791,0.8587504629977047
300469,2644397,677686,43,0,0.7460648147389293,0.7472979975864291
300470,545094,106503,66,0,0.12194444425404072,0.14918496506288648
300471,2580149,670993,97,1,0.11253472231328487,0.1132406946271658
300472,5106604,1527669,155,0,0.6993749998509884,39.72875160863623
300473,4447027,1286422,96,1,0.5836342591792345,0.61926771979779
300474,3707354,1087979,64,0,0.14745370391756296,0.15762638906016946
300475,1709241,303299,67,1,0.3218981479294598,2.1745620602741838
300476,2109456,478670,19,0,0.8052314813248813,0.8119808682240546
300477,3733429,1093867,64,0,0.4595601852051914,0.5356315858662128
300478,2465195,640003,42,0,0.07363425940275192,0.422344780061394
300479,4342910,1233857,41,0,0.6923263887874782,0.7026298493146896
300480,2852988,803905,97,0,0.37555555533617735,0.4876938425004482
300481,512671,100539,66,0,0.5893171294592321,0.5978499767370522
300482,204978,27452,44,1,0.8027777778916061,0.8810215047560632
300483,1358674,232469,42,0,0.8299074075184762,0.8311316319741309
300484,1583849,258157,120,0,0.8888541664928198,1.104531979188323
300485,4420104,1275113,65,0,0.5827662036754191,0.5983878239057958
300486,6082997,2013569,41,0,0.6545023149810731,0.6882712384685874
300487,1852286,352615,6,0,0.9582754629664123,0.9945658333599567
300488,3692889,1084937,66,0,0.4636689815670252,0.855826863553375
300489,7244453,2659966,119,0,0.20842592604458332,0.22628747671842575
300490,1548570,248574,46,0,0.8589814812876284,0.8794943634420633
300491,518348,85341,97,1,0.4094907408580184,0.463454085867852
300492,5909173,1948603,42,0,0.014525462873280048,0.016296041663736105
300493,2868524,810516,16,0,0.4148958334699273,0.44370788196101785
300494,340777,62496,67,1,0.2615972221828997,0.36521511571481824
300495,6549526,2237428,67,1,0.17314814822748303,0.3230189005844295
300496,6443659,2203307,42,0,0.9101620372384787,0.911835833452642
300497,151351,25317,122,0,0.39189814822748303,0.3984303008764982
300498,537502,85247,67,1,0.7932407408952713,0.7936565508134663
300499,5908899,1950257,42,0,0.34070601873099804,0.3415205324999988
300500,409274,85453,138,0,0.5459606479853392,0.7513323612511158
300501,5521277,1670993,136,0,0.4713425925001502,0.4716648724861443
300502,1962211,444832,112,0,0.5899768518283963,0.6391728934831917
300503,2101918,475263,22,0,0.4367824075743556,0.6055679400451481
300504,5514837,1665036,65,0,0.7632754631340504,0.7682136571966112
300505,6290713,2066532,140,0,0.001145833171904087,0.01109633082523942
300506,3747,835,9,0,0.5005555553361773,0.5227260650135577
300507,204354,27406,44,0,0.7091666664928198,0.7314203241840005
300508,6295572,2070659,67,0,0.5577430557459593,0.5821575117297471
300509,464467,91593,97,1,0.911828703712672,1.418274270836264
300510,146159,25180,122,0,0.4660532409325242,0.5377225810661912
300511,6130193,2015020,41,0,0.4584143520332873,0.4591985996812582
300512,3731988,1093567,64,0,0.336076389066875,0.5356102893128991
300513,7012088,2473513,67,1,0.4282523146830499,0.4323036689311266
300514,408059,85358,67,1,0.43578703701496124,1.0425359606742859
300515,1938936,430435,67,1,0.2968055554665625,2.1481207869946957
300516,3692650,1084877,64,0,0.4209374999627471,0.7016889816150069
300517,5243055,1559956,193,0,0.8471990739926696,1.0624683913774788
300518,5869874,1943491,274,0,0.011828703805804253,0.011864733882248402
300519,5834049,1940624,43,0,0.5449768519029021,0.5619119792245328
300520,2569073,670598,44,1,0.45901620388031006,0.4949322105385363
300521,2106521,477332,16,0,0.9210300925187767,0.9239641898311675
300522,2643549,677636,43,0,0.7350925924256444,1.3003714121878147
300523,389182,83982,97,1,0.08715277770534158,0.3587055788375437
300524,2859947,806963,64,0,0.4191666664555669,0.535623078700155
300525,4430992,1279642,65,0,0.8346990742720664,0.8534196065738797
300526,2573046,670822,122,0,0.8686921298503876,
300527,2881672,815333,66,1,0.11761574074625969,0.13073025457561016
300528,36412,9121,67,1,0.31928240740671754,0.32134327525272965
300529,5291478,1583513,66,0,0.6024189814925194,0.6298906365409493
300530,5361009,1609303,42,0,0.24252314819023013,0.2565204515121877
300531,7401346,2720213,97,0,0.4594907406717539,0.5314498725347221
300532,7036225,2490852,66,0,0.8775115739554167,0.8995420024730265
300533,209944,27850,125,0,0.6818402777425945,0.6957042822614312
300534,2838872,798109,67,1,0.28932870365679264,1.3541420716792345
300535,2102255,475431,16,0,0.4489120370708406,0.47845362266525626
300536,1357884,238388,122,0,0.30725694447755814,0.35370332188904285
300537,2790914,785716,44,0,0.7737268516793847,0.793284872546792
300538,5143286,1535807,155,0,0.8689236110076308,40.77193252323195
300539,3747754,1072917,65,0,0.2803819444961846,0.2895902432501316
300540,512133,100406,66,0,0.584814814850688,0.5975411804392934
300541,5976711,1971248,123,0,0.9022800927050412,1.1101326043717563
300542,4390815,1266097,65,0,0.6666898149996996,0.6703649419359863
300543,6195928,2037345,43,0,0.10968750016763806,0.11113825254142284
300544,271446,37284,141,1,0.03697916679084301,0.0385932638309896
300545,3776443,1088043,64,0,0.1255092592909932,0.12646490754559636
300546,3758463,1074104,64,0,0.7057175925001502,0.7173622567206621
300547,6599954,2247469,48,0,0.8843518518842757,0.887349502183497
300548,1363191,238479,122,0,0.07201388897374272,0.09894906263798475
300549,2879658,814675,65,0,0.20671296305954456,0.2110899304971099
300550,2109284,478587,17,0,0.8024074072018266,0.8328451155684888
300551,485717,85430,63,1,0.7930787038058043,2.26082898164168
300552,3723319,1091579,64,0,0.5721990740858018,0.6207696641795337
300553,1360437,238432,122,0,0.012314814608544111,0.028484398033469915
300554,5513063,1662120,97,1,0.2593171298503876,0.2631286229006946
300555,1709694,303101,61,0,0.941006944514811,1.2298379861749709
300556,2111037,479444,64,0,0.08461805572733283,0.09682915499433875
300557,412506,86184,65,0,0.605868055485189,0.7176299882121384
300558,536760,105207,136,0,0.8435300923883915,0.8485352429561317
300559,1962578,444923,112,0,0.7452777777798474,0.7697274652309716
300560,2853047,803933,67,0,0.3759375000372529,0.3927645948715508
300561,4448064,1286875,65,0,0.5173611110076308,0.5310723609291017
300562,6127666,2021027,41,0,0.974201388657093,1.0193339120596647
300563,2859357,806735,67,0,0.9589814813807607,0.999870462808758
300564,2652953,680832,67,1,0.4286805554293096,0.7929593403823674
300565,5380028,1611645,67,1,0.17315972223877907,2.147097326349467
300566,3701398,1086756,138,0,0.06842592591419816,0.10749246506020427
300567,1664077,295278,41,0,0.6074999999254942,0.6156425578519702
300568,5381206,1611907,136,0,0.7030671294778585,0.7050939234904945
300569,7332206,2698086,43,0,0.06079861102625728,0.2366423844359815
300570,7416974,2725218,64,0,0.2550810184329748,0.26569028943777084
300571,4412060,1271300,66,0,0.7482060184702277,1.0430549075827003
300572,2579019,671271,123,0,0.7495023147203028,0.8661782061681151
300573,5873248,1944028,122,0,0.6315046297386289,0.6326636341400445
300574,1625462,270484,67,1,0.2962268516421318,2.148124259430915
300575,2110892,479372,65,0,0.7575810183770955,0.7627704977057874
300576,6870944,2442447,66,0,0.5214351853355765,0.5699099884368479
300577,3610121,1072586,174,0,0.14342592610046268,40.41287026600912
300578,4431098,1279684,65,0,0.8364351852796972,0.8542995718307793
300579,7410247,2722983,97,0,0.042152777779847383,0.07175746513530612
300580,2806160,789333,64,0,0.9281481481157243,0.9293860765174031
300581,7366003,2705635,0,0,0.36620370391756296,0.36668679397553205
300582,2830198,795003,67,1,0.17542824055999517,1.3348557753488421
300583,5338443,1602761,41,0,0.9288310185074806,1.2592634838074446
300584,559978,85330,63,1,0.35953703708946705,0.36118695605546236
300585,150351,25295,122,0,0.3756134258583188,0.3899602200835943
300586,5292491,1583945,97,0,0.33461805572733283,0.34148736111819744
300587,7031870,2486700,66,0,0.0010069445706903934,0.04794589104130864
300588,1359506,238416,41,0,0.42067129630595446,0.43043805565685034
300589,2106243,477202,65,0,0.5988425924442708,0.606428078841418
300590,411816,86025,64,0,0.5896180556155741,0.701719768345356
300591,3610018,1072578,66,1,0.09708333341404796,0.09722356498241425
300592,120310,23686,42,0,0.1594212963245809,0.17320296308025718
300593,1686997,299180,193,0,0.7415277776308358,0.862877685111016
300594,1549840,249107,193,0,0.4640046297572553,0.5316773494705558
300595,540904,105773,64,0,0.8870370369404554,0.9522067359648645
300596,5380206,1611656,67,1,0.3967129630036652,2.2642276850529015
300597,5117227,1529673,67,1,0.17466435162350535,1.8931342014111578
300598,6211997,2039205,194,0,0.33531250013038516,0.3630920252762735
300599,2808221,790600,66,0,0.12605324061587453,0.1752272336743772
300600,147154,25217,122,0,0.3690625000745058,0.3787414003163576
300601,4457198,1291116,65,0,0.1365972221828997,0.1430269442498684
300602,2550585,666210,123,0,0.6172337965108454,0.853138379752636
300603,4424843,1276813,66,0,0.11045138910412788,0.11825659731402993
300604,3731997,1093569,64,0,0.3364004627801478,0.5355800115503371
300605,393995,84411,138,0,0.8283101851120591,0.8887044792063534
300606,1983694,452175,42,0,0.7949074073694646,0.8019955903291702
300607,5521910,1671594,136,0,0.02902777772396803,0.029179073870182037
300608,3707955,1088121,65,0,0.4905324075371027,0.49758898140862584
300609,144441,25130,122,0,0.15115740755572915,0.18254062486812472
300610,2577710,670832,125,0,0.6401736112311482,0.6540537849068642
300611,7012070,2473512,67,1,0.42822916666045785,0.432301735971123
300612,7331519,2698019,122,0,0.9138888888992369,1.072082662023604
300613,5522640,1672290,65,0,0.1266203704290092,0.14010111102834344
300614,2830183,795003,67,1,0.17542824055999517,0.3170403242111206
300615,2098620,473799,22,0,0.418680555652827,1.085866122506559
300616,536292,105120,65,0,0.842326388694346,0.8617119328118861
300617,149753,25282,122,0,0.32770833326503634,0.3476596297696233
300618,7365317,2705164,0,0,0.3921064813621342,0.3924162038601935
300619,1961723,444670,197,0,0.8060532407835126,1.1622193404473364
300620,7031072,2486058,171,0,0.8046180554665625,2.220218240749091
300621,269265,35579,138,0,0.06799768516793847,0.1074726851657033
300622,6874004,2444874,67,0,0.8233680557459593,0.8456830438226461
300623,4392418,1266499,136,0,0.84484953712672,0.853140925988555
300624,1355178,238347,41,0,0.6077662035822868,0.615826076362282
300625,2568891,670596,97,1,0.5930324075743556,0.6953192013315856
300626,2883035,789315,67,1,0.00015046307817101479,0.004108842462301254
300627,2469011,640897,124,0,0.3506712964735925,0.44724530074745417
300628,2579851,670823,9,1,0.7437615739181638,0.7651056251488626
300629,550622,85288,67,1,0.28936342615634203,0.29101812513545156
300630,5086975,1513251,67,1,0.26150462962687016,2.174730451311916
300631,1853105,353341,6,0,0.2660300927236676,0.2673314237035811
300632,1979603,450893,67,1,0.43208333337679505,0.43603598373010755
300633,1362975,238346,42,0,0.15982638904824853,0.1731191435828805
300634,7030102,2485359,65,0,0.3779861112125218,0.3897287962026894
300635,4446491,1286216,136,0,0.8414699072018266,0.8517974535934627
300636,3571005,1051747,112,0,0.5989583334885538,0.6489784372970462
300637,3722776,1091454,64,0,0.5515856482088566,0.6207848377525806
300638,204318,27404,44,1,0.901782407425344,1.039314120542258
300639,2860827,807397,66,0,0.5167939816601574,0.5663085300475359
300640,2881390,815306,67,1,0.14592592604458332,0.14941138867288828
300641,5187389,1549064,42,0,0.3175462963990867,0.3259092243388295
300642,405769,85241,67,1,0.1959259258583188,1.3541924422606826
300643,150283,23709,45,0,0.9157060184516013,0.9187854514457285
300644,5181836,1547286,44,0,0.027523148339241743,0.02979662036523223
300645,3707810,1088084,65,0,0.48958333348855376,0.494489629752934
300646,7397286,2718860,66,0,0.5466666668653488,0.6350936111994088
300647,5525184,1674670,136,0,0.02329861093312502,0.024507534690201283
300648,5514587,1664830,66,0,0.773449074011296,0.8187808794900775
300649,1709917,303333,42,0,0.763229166623205,1.0970759489573538
300650,487131,95193,138,0,0.38416666677221656,0.45635770820081234
300651,1549907,249138,49,0,0.0172800924628973,0.02418510429561138
300652,5520730,1670476,66,0,0.5936574074439704,0.6336669675074518
300653,6128400,2021466,123,0,0.44008101848885417,0.47802263870835304
300654,395533,84482,63,1,0.8622453701682389,2.5042305323295295
300655,416239,86975,64,0,0.6719212965108454,0.7016232986934483
300656,5833811,1939057,118,0,0.7578703705221415,0.8114962154068053
300657,6053462,2007860,19,0,0.6368865738622844,0.6664618053473532
300658,4409307,1270192,67,1,0.18111111130565405,2.1760080554522574
300659,1778898,326951,46,0,0.8475578702054918,1.0434208218939602
300660,6925133,2462641,97,1,0.11679398128762841,0.1171219446696341
300661,5187570,1549121,112,0,0.834953703917563,0.8491649767383933
300662,2101295,474977,19,0,0.2293287036009133,0.23559619206935167
300663,5891910,1947660,112,0,0.9888888890855014,1.0430620484985411
300664,4455452,1290266,64,0,0.33861111104488373,0.35253702523186803
300665,5523396,1672959,65,0,0.4633564813993871,0.4700287962332368
300666,1687060,299180,193,0,0.7694097221828997,0.8628779631108046
300667,2111066,479458,65,0,0.08582175942137837,0.10080645838752389
300668,7243661,2659531,112,0,0.4596064812503755,0.47758315969258547
300669,2470816,639994,193,0,0.9806597223505378,1.0062169907614589
300670,5510993,1662087,73,0,0.0957638886757195,0.20174805540591478
300671,4411432,1271008,136,0,0.6110879629850388,2.101088772993535
300672,3706579,1087809,95,0,0.9548611110076308,0.9591269097290933
300673,2830626,795083,138,0,0.19079861091449857,1.352034421171993
300674,1655313,294054,67,1,0.42660879623144865,1.5252518518827856
300675,5290764,1581558,97,1,0.2170601850375533,0.2936190045438707
300676,143503,25117,41,0,0.6301851850003004,0.6401425926014781
300677,4394603,1267166,65,0,0.33458333322778344,0.33808694453909993
300678,6866322,2439863,138,0,0.10815972229465842,0.1530807176604867
300679,5117381,1529696,67,1,0.3970254631713033,2.26422326406464
300680,6299025,2073882,65,0,0.7713194442912936,0.7851996873505414
300681,553738,98015,138,0,0.08753472240641713,0.12003107648342848
300682,5805187,1934608,63,1,0.2162962961010635,1.519997013732791
300683,145621,25157,41,0,0.5456597222946584,0.5554422684945166
300684,5157563,1537732,42,0,0.15940972231328487,0.17311634263023734
300685,5510567,1661702,64,0,0.06258101854473352,0.11034015053883195
300686,2878375,814239,67,1,0.041793981567025185,0.04573526605963707
300687,6900582,2461326,195,0,0.8269097222946584,0.8532014931552112
300688,4417927,1274098,140,0,0.6279513887129724,0.7577592940069735
300689,3683857,1082986,136,0,0.47527777776122093,0.9125481946393847
300690,89705,13150,274,0,0.4829398146830499,0.5816313312388957
300691,2577260,671157,6,0,0.4887384260073304,1.3836738308891654
300692,1755196,309271,274,0,0.6883680555038154,0.7321432060562074
300693,146069,25085,42,0,0.2011458333581686,0.2564976620487869
300694,6635509,2256174,67,1,0.3132175924256444,0.3170720487833023
300695,3757665,1074096,64,0,0.4194675926119089,0.4320125808008015
300696,4455545,1290312,64,0,0.33869212958961725,0.3525846297852695
300697,6851703,2436508,42,0,0.5761111113242805,0.7555077895522118
300698,412052,86084,64,0,0.5899189813062549,0.7017193748615682
300699,4438978,1267739,66,0,0.2604398149996996,0.38293465273454785
300700,2656295,683398,67,1,0.17621527798473835,0.1802762383595109
300701,470208,92891,79,0,0.7247916664928198,0.7342191897332668
300702,1854250,354341,8,0,0.3674652776680887,0.37145498860627413
300703,2643617,676774,43,0,0.7084259260445833,0.7849781713448465
300704,3611176,1072725,65,0,0.8417476853355765,0.8716578586027026
300705,1357896,238388,122,0,0.30725694447755814,0.3537033563479781
300706,6599873,2247952,67,1,0.4317361111752689,0.43559464113786817
300707,5156655,1537859,42,0,0.9055092590861022,4.863005057908595
300708,1855231,355249,6,0,0.6358912037685513,0.7080170949921012
300709,4434189,1281048,65,0,0.26614583330228925,0.3296751966699958
300710,40003,9172,42,0,0.6522800927050412,1.2173214238137007
300711,1355062,238347,41,0,0.6077662035822868,0.6158282174728811
300712,5816110,1937290,193,0,0.3257870371453464,47.332841851748526
300713,409696,85509,65,0,0.5864814813248813,
300714,5045241,1507639,9,1,0.4114699074998498,2.2271132059395313
300715,538338,105397,136,0,0.8439699076116085,0.8552787038497627
300716,4417589,1273932,66,0,0.621655092574656,0.6743343863636255
300717,3706632,1087821,65,0,0.9548379629850388,0.9778122683055699
300718,2014392,457888,42,0,0.7615046296268702,1.104026018641889
300719,6923780,2462716,97,1,0.9181828703731298,1.4306710646487772
300720,6992773,2469356,43,0,0.9761226852424443,9.276012916583568
300721,540458,105718,64,0,0.8854745370335877,0.9521868634037673
300722,4415893,1273172,65,0,0.9774537035264075,0.9809058331884444
300723,7396912,2718738,64,0,0.5045023146085441,0.6207727431319654
300724,1809144,337445,42,0,0.3531018518842757,0.35710039362311363
300725,6639365,2259680,64,0,0.9179050927050412,0.9520712848752737
300726,7419481,2726054,64,0,0.4209837964735925,0.4325065044686198
300727,413675,86392,67,1,0.6643055556342006,0.6822292590513825
300728,6850556,2436610,42,0,0.5532986111938953,0.5541763310320675
300729,37165,9167,158,0,0.5591087960638106,0.7169653587043285
300730,7365994,2705629,0,0,0.393969907425344,0.3941635531373322
300731,5521700,1671387,65,0,0.3873842591419816,0.39396000001579523
300732,2876317,813379,136,0,0.1912500001490116,0.1913436111062765
300733,145119,25146,122,0,0.31600694451481104,0.4026300576515496
300734,7035700,2490335,64,0,0.08490740740671754,0.09678500005975366
300735,5924353,1955726,41,0,0.7963657407090068,0.8065814469009638
300736,1362402,238382,41,0,0.02453703712671995,0.03479704866185784
300737,2838472,793792,64,0,0.7787847220897675,0.7924005901440978
300738,2102417,475510,22,0,0.6827662037685513,1.0836481945589185
300739,1530138,243683,41,0,0.4828703701496124,0.49311680532991886
300740,493187,96306,67,1,0.3741782405413687,0.3742583682760596
300741,6558409,2240473,96,1,0.6253125001676381,0.6357604744844139
300742,3612263,1072938,136,0,0.28598379623144865,0.2947350349277258
300743,1356178,238363,41,0,0.003865740727633238,0.01394336810335517
300744,3691885,1072451,64,0,0.5351041667163372,0.758355462923646
300745,152512,25112,123,0,0.6166319446638227,0.6315371757373214
300746,5511174,1662164,65,0,0.931921296287328,0.9557100348174572
300747,5872313,1943886,63,1,0.41072916658595204,2.2271070485003293
300748,524109,102935,97,0,0.19030092610046268,0.2359635648317635
300749,6870514,2441055,76,0,0.42978009255602956,0.7042343402281404
300750,7033775,2488526,65,0,0.5305324075743556,0.5338698956184089
300751,2017383,458862,43,0,0.8470023148693144,0.8654731251299381
300752,5044241,1507585,9,1,0.21692129643633962,
300753,145755,25160,42,0,0.03581018513068557,0.041957407258450985
300754,530398,104249,66,0,0.6690509258769453,0.679046087898314
300755,1826101,342671,112,0,0.9811226851306856,1.0430567590519786
300756,2017063,458837,193,0,0.8960879631340504,1.4737701043486595
300757,37919,6451,42,0,0.3257870371453464,0.33968560164794326
300758,5189089,1548826,41,0,0.9740856480784714,1.017567291855812
300759,2844283,800500,66,0,0.33480324083939195,0.3830401967279613
300760,270489,33552,94,1,0.5880902777425945,0.792466226965189
300761,5873062,1943868,122,0,0.5908333333209157,0.6945074419490993
300762,5817439,1938040,112,0,0.9849537038244307,1.0430645602755249
300763,2884795,816308,65,0,0.2827199073508382,0.29756532423198223
300764,5380737,1611654,67,1,0.31251157401129603,0.5759023842401803
300765,2448163,634259,48,0,0.9364351853728294,0.9449712266214192
300766,6639218,2259534,64,0,0.850138888694346,0.8508796528913081
300767,6869021,2441230,66,0,0.33347222208976746,0.39707758091390133
300768,1986642,453100,44,0,0.6170717594213784,0.6334643866866827
300769,146580,25207,41,0,0.29524305555969477,0.3056192477233708
300770,7283044,2681018,116,0,0.31496527791023254,12.281516967806965
300771,6128653,2021541,116,0,0.5739120370708406,0.5830234955064952
300772,1851961,352335,7,1,0.7657060185447335,0.7798938541673124
300773,5517476,1667311,64,0,0.8347106482833624,0.866179027594626
300774,6294352,2069470,66,0,0.011898148339241743,0.012172117829322815
300775,2658600,685536,64,0,0.25509259244427085,0.26569103030487895
300776,6555802,2237737,41,0,0.35784722212702036,0.3681183219887316
300777,3758287,1099500,66,0,0.7367245368659496,0.7784977778792381
300778,4435844,1281827,65,0,0.4513541664928198,0.46506682876497507
300779,1583933,260019,97,1,0.9179282407276332,1.4323278469964862
300780,2856605,805539,66,0,0.29141203686594963,0.3246747222729027
300781,1664001,295157,42,0,0.5756481480784714,0.5905649419873953
300782,1979579,450892,67,1,0.43208333337679505,0.4360351273790002
300783,2655317,682818,66,0,0.239953703712672,0.2755398959852755
300784,4458244,1291619,68,0,0.19126157416030765,0.1914122337475419
300785,5511280,1662268,97,0,0.8340393519029021,0.9059593519195914
300786,555930,108301,67,1,0.00020833313465118408,0.004235532600432634
300787,519254,101836,70,0,0.2806365741416812,0.2888886574655771
300788,2856790,805632,66,0,0.2930555557832122,0.34863039338961244
300789,2875118,803377,20,0,0.25708333356305957,0.2581935995258391
300790,2857204,789333,64,0,0.2875231481157243,0.2986852894537151
300791,2106822,477434,171,0,0.7311342591419816,0.7343987729400396
300792,1351786,238240,42,1,0.8690856480970979,1.1938706366345286
300793,6462028,2209725,67,1,0.2958333333954215,0.29957306711003184
300794,4437441,1282390,67,1,0.1668287036009133,
300795,39457,9173,125,0,0.9981249999254942,1.6383742475882173
300796,1758014,312064,274,0,0.9169328701682389,0.9437744561582804
300797,3702716,1072614,174,0,0.009421296417713165,0.04881579848006368
300798,2111772,479796,17,0,0.43542824080213904,0.45767381926998496
300799,2813321,791799,20,0,0.7495138887315989,0.8274818751960993
300800,6255349,2055271,67,0,0.08211805578321218,0.0821297219954431
300801,547112,95499,67,1,0.3128935187123716,0.3159096413291991
300802,3570366,1051715,112,0,0.48695601848885417,0.48794546304270625
300803,5924945,1955830,42,0,0.737418981269002,1.727796759456396
300804,2097268,473292,65,0,0.1640277779661119,0.19187231501564384
300805,2017085,458843,42,0,0.9508564816787839,22.942708124872297
300806,2872364,811792,96,1,0.9586805556900799,0.9675505557097495
300807,6599610,2247829,67,1,0.31961805559694767,
300808,5243401,1560144,116,0,0.4566435185261071,0.9673519213683903
300809,533353,104540,66,0,0.7607175926677883,0.7899210071191192
300810,503504,85416,136,0,0.9696180555038154,1.1683470718562603
300811,4450547,1287952,65,0,0.8738078703172505,0.8846476734615862
300812,7398898,2719397,140,0,0.5883680554106832,1.042964409571141
300813,6851372,2436576,42,0,0.15953703690320253,0.1731172800064087
300814,2876478,813454,65,0,0.2779745371080935,0.305725509300828
300815,6811561,2414880,141,0,0.4318402777425945,0.5351545717567205
300816,1802938,336276,122,0,0.27237268537282944,0.3034428241662681
300817,1755087,309165,274,0,0.06304398132488132,0.11912517342716455
300818,1823871,342305,112,0,0.7358449073508382,0.7697475347667933
300819,489246,95498,67,1,0.31288194423541427,0.4107232871465385
300820,1986309,452176,42,0,0.6901041665114462,0.7174738887697458
300821,5467556,1635589,281,0,0.8023379631340504,0.8419235995970666
300822,146169,25180,122,0,0.4660532409325242,0.5377226155251265
300823,7029986,2485326,67,1,0.31824074080213904,
300824,535208,94327,138,0,0.7918981481343508,0.8048763540573418
300825,524189,102955,66,0,0.191967592574656,0.20974020846188068
300826,6850437,2436605,42,0,0.35035879630595446,0.4401074885390699
300827,5467472,1639540,116,0,0.6386111113242805,12.5161122684367
300828,6851678,2436600,42,0,0.46909722220152617,0.47727682860568166
300829,3752486,1074096,64,0,0.032986111007630825,0.04606407415121794
300830,2846393,791142,43,0,0.5986458333209157,0.6759945256635547
300831,2018241,458922,42,0,0.5688078701496124,0.5748837268911302
300832,6558207,2240316,66,1,0.8998726853169501,0.9062373149208724
300833,1361769,238455,41,0,0.6715162037871778,0.685214027762413
300834,1363233,232455,43,0,0.1638425923883915,0.16619935166090727
300835,340329,62282,136,0,0.45961805572733283,0.9586584721691906
300836,4410722,1270670,65,0,0.4810648146085441,0.8943309606984258
300837,4411201,1270892,140,0,0.5813078703358769,0.9798533678986132
300838,496613,85430,63,1,0.5273842592723668,0.6805310761556029
300839,1803653,336524,42,0,0.9589120368473232,0.9612159952521324
300840,5177568,1544839,97,1,0.9217592594213784,0.922559745144099
300841,6634340,2255436,97,0,0.17002314794808626,0.23610789328813553
300842,2100903,474792,65,0,0.6332754627801478,0.6579901273362339
300843,6873856,2444737,97,1,0.16689814813435078,0.18091452540829778
300844,3745593,1096635,65,0,0.65625,0.6639537154696882
300845,2079538,466169,136,0,0.40306712966412306,0.4055319675244391
300846,6299768,2074578,65,0,0.459826388861984,0.46343615744262934
300847,308003,57442,9,1,0.4131712964735925,0.7357851155102253
300848,4459342,1292118,65,0,0.4115046295337379,0.416178148239851
300849,1355709,238358,41,0,0.44151620380580425,0.4516598265618086
300850,549495,92930,67,1,0.6965046296827495,0.6979082524776459
300851,1350474,238184,43,0,0.009756944607943296,4.796200914308429
300852,1826404,342205,195,0,0.7772916667163372,0.794385879766196
300853,6641859,2262051,141,0,0.5235069445334375,0.5277525349520147
300854,1298356,232419,22,0,0.16770833311602473,0.5935368980281055
300855,1709792,303321,44,0,0.796064815018326,1.4852945948950946
300856,4394143,1266987,65,0,0.33376157423481345,0.3368894560262561
300857,1355318,238352,44,1,0.4591782409697771,0.5041394326835871
300858,2662313,681581,67,1,0.12560185184702277,0.1287878123112023
300859,4391500,1266298,65,0,0.6688194442540407,0.6732984492555261
300860,6296614,2071653,66,0,0.38466435205191374,0.42296068277209997
300861,3762864,1074096,64,0,0.037187499925494194,0.04606438660994172
300862,5157361,1536918,42,0,0.35604166658595204,0.3566616317257285
300863,1853171,353405,9,0,0.18067129608243704,0.20186451403424144
300864,2863583,808507,19,0,0.7027893518097699,0.797288506757468
300865,2846881,801459,97,1,0.6250694445334375,0.6787607986479998
300866,4356111,1235573,274,0,0.011840277817100286,0.011868171393871307
300867,535029,94326,138,0,0.7828587964177132,0.8103016088716686
300868,406805,85314,67,1,0.3181828702799976,1.3542979513294995
300869,3640653,1077763,67,0,0.054409722331911325,0.07522751158103347
300870,497064,97168,66,0,0.5033217594027519,0.5490828473120928
300871,487881,95323,95,0,0.17679398134350777,0.5688668172806501
300872,39044,6462,42,0,0.04054398136213422,0.04142935201525688
300873,2659300,686142,177,0,0.8067129631526768,0.861302858684212
300874,2808315,790647,66,0,0.12660879641771317,0.17522722203284502
300875,5816480,1938007,42,1,0.21562500018626451,0.2876698379404843
300876,1851752,352172,7,0,0.58483796287328,0.7923818402923644
300877,412278,86141,64,0,0.5904745371080935,0.7016869210638106
300878,4436457,1282054,65,0,0.4178472221828997,0.5537676736712456
300879,4459971,1292396,65,0,0.7035416667349637,0.7121894909068942
300880,7035961,2490593,64,0,0.09127314807847142,0.09500983776524663
300881,1986223,452176,42,0,0.43979166680946946,0.5075682061724365
300882,5039807,1506386,155,0,0.5104629630222917,0.5953009608201683
300883,36874,9151,125,0,0.13918981468304992,0.1823420487344265
300884,6866879,2440299,171,0,0.49390046298503876,0.6257805554196239
300885,6635381,2256090,66,0,0.5511458334513009,0.6102646412327886
300886,342211,63385,141,0,0.7576041668653488,0.7644283450208604
300887,1579883,258155,97,1,0.5936921294778585,0.7124215164221823
300888,5523133,1672698,65,0,0.11185185192152858,0.13322443282231688
300889,4412753,1271642,65,0,0.7889583334326744,0.7976481597870588
300890,5504965,1657091,97,0,0.00396990729495883,0.06200541649013758
300891,6298630,2073501,66,0,0.16761574055999517,0.22276371531188488
300892,6085231,2013566,41,0,0.6546064815483987,0.6778573379851878
300893,2838925,798125,67,1,0.3128587962128222,1.3314753817394376
300894,5997830,1976565,274,0,0.5107060186564922,0.5522606712765992
300895,4431736,1279986,66,0,0.4671990741044283,0.49373773159459233
300896,2098076,473535,22,0,0.5416666665114462,1.0417794561944902
300897,4454935,1290008,66,0,0.33048611134290695,0.33800754649564624
300898,1823333,342241,286,0,0.80996527755633,1.5989215048030019
300899,1799725,334645,6,0,0.45311342598870397,0.45412773126736283
300900,2880584,814964,64,0,0.5798611110076308,0.5807053241878748
300901,151354,23688,42,0,0.3625347223132849,0.36490547470748425
300902,6254895,2056463,229,0,0.5533912037499249,0.9743526042439044
300903,4415203,1272842,66,0,0.9136689812876284,0.9443287961184978
300904,3700516,1086571,64,0,0.9280787035822868,0.9472171529196203
300905,2109854,478864,17,0,0.9678356479853392,0.9692311226390302
300906,1548870,248686,193,0,0.20822916645556688,0.21746396971866488
300907,2840388,798701,23,0,0.5844097221270204,3.26966449059546
300908,6548558,2237492,42,0,0.4923958331346512,1.5884144213050604
300909,209884,27776,97,1,0.6842476851306856,0.6845305669121444
300910,1361079,238244,42,0,0.8839814816601574,0.8847345253452659
300911,2854087,804437,65,0,0.7926851850934327,0.799228981602937
300912,4415245,1272862,65,0,0.9146759258583188,0.9375793170183897
300913,1710890,303291,42,0,0.18027777783572674,0.18267424777150154
300914,5524451,1673969,122,0,0.1327430554665625,0.13393748831003904
300915,2856970,789333,64,0,0.3083680556155741,0.3210712382569909
300916,1360820,238440,122,0,0.15435185190290213,0.17509930534288287
300917,6053453,2007855,19,0,0.6191782406531274,0.6487511456944048
300918,519204,101836,70,0,0.2806365741416812,0.288887997623533
300919,2469310,639991,42,0,0.387280092574656,0.3887413889169693
300920,7031316,2486292,65,0,0.05208333348855376,0.059237615671008825
300921,1755397,309470,275,0,0.38732638908550143,0.4781374419108033
300922,2577343,670885,155,0,0.5963773149996996,4.690246388781816
300923,2791711,787057,47,0,0.8106249999254942,0.8627010532654822
300924,7397743,2719012,66,0,0.5850462964735925,0.623946157284081
300925,1360949,238441,41,0,0.006990740541368723,0.013899595011025667
300926,2829705,794486,144,0,0.08994212979450822,
300927,1983372,452178,42,0,0.8628472220152617,0.8687343634665012
300928,7285309,2678656,42,0,0.44497685180976987,0.4930381248705089
300929,1755729,309800,274,0,0.5216782409697771,0.571032511536032
300930,3572288,1052112,116,0,0.5213078702799976,0.5276680090464652
300931,2809203,789361,140,0,0.505590277723968,0.5523929167538881
300932,2866939,809811,136,0,0.4873726852238178,0.49246843764558434
300933,121813,23712,122,0,0.7521990742534399,0.7724708681926131
300934,6598902,2247836,136,0,0.8118750001303852,1.6639100345782936
300935,1822984,342084,120,0,0.8922569444403052,0.910243958234787
300936,5514691,1664932,65,0,0.8609837964177132,0.8733036112971604
300937,2859988,806984,64,0,0.4237847221083939,0.5355734028853476
300938,2830774,795146,67,1,0.19591435184702277,0.5304114352911711
300939,3732971,1093810,64,0,0.4245717590674758,0.5356329744681716
300940,6277795,2061015,6,0,0.5338194444775581,0.5353000345639884
300941,1852103,352463,10,0,0.5539930555969477,0.6979507058858871
300942,4417779,1274024,67,0,0.6257986109703779,0.6656440161168575
300943,7282797,2680982,193,0,0.2118055555038154,14.406180856283754
300944,2470479,641267,48,0,0.4780439813621342,0.4883734490722418
300945,1548577,248578,201,0,0.8550115739926696,0.8746574074029922
300946,5891846,1947660,112,0,0.9888888890855014,1.043061041738838
300947,1663806,295244,42,0,0.7139120372012258,0.7347838077694178
300948,5855857,1943265,102,0,0.730069444514811,
300949,6629001,2251916,64,0,0.08482638886198401,0.09677612269297242
300950,2102866,475727,17,0,0.8003009259700775,1.0707316319458187
300951,2842177,799519,66,0,0.8299537035636604,0.879720613360405
300952,2858192,806246,20,0,0.8736226852051914,4.3791314121335745
300953,3694353,1072451,64,0,0.6026388891041279,0.7231528470292687
300954,5870095,1943637,97,1,0.3577199075371027,2.2576047568582
300955,541760,105984,66,0,0.9179629627615213,0.9380401275120676
300956,547881,95288,65,0,0.2944212961010635,0.3396743633784354
300957,6295951,2071036,67,0,0.09972222242504358,0.1759856711141765
300958,5516481,1666544,65,0,0.4246180555783212,0.42814049776643515
300959,205980,27507,97,1,0.6094560185447335,0.7128899651579559
300960,272383,37115,67,1,0.16677083354443312,0.17073975689709187
300961,1674079,297159,122,0,0.1711921296082437,0.29362605325877666
300962,2655656,683100,97,1,0.6234027775935829,0.6288228705525398
300963,1358590,238399,123,1,0.07793981488794088,0.08637371519580483
300964,89227,12674,274,0,0.20137731498107314,0.20144518511369824
300965,148671,25250,42,0,0.7869097222574055,1.005315000191331
300966,2551114,666365,122,0,0.3549768519587815,0.37254243064671755
300967,6634825,2255651,66,0,0.47812499990686774,0.533698657527566
300968,5342323,1604116,43,0,0.6030092593282461,0.6130256247706711
300969,4455678,1290379,64,0,0.3387731481343508,0.35256872698664665
300970,6297738,2072706,66,0,0.10090277763083577,0.10110299754887819
300971,5225813,1553787,42,0,0.7117592594586313,0.9600025694817305
300972,530173,104205,177,0,0.32681712973862886,0.36399542819708586
300973,7364804,2704865,130,0,0.13280092598870397,0.2235899423249066
300974,555929,108301,67,1,0.00020833313465118408,0.004235532600432634
300975,1358482,238337,45,1,0.28840277763083577,0.3438390395604074
300976,6298886,2073747,136,0,0.6140162036754191,0.6191736804321408
300977,6082993,2013569,41,0,0.6545023149810731,0.6879178821109235
300978,2857588,805973,64,0,0.5847569443285465,0.6207768749445677
300979,3729287,1073107,64,0,0.7755787037312984,0.7871898147277534
300980,6298908,2073768,65,0,0.6162847219966352,0.6275544674135745
300981,6443650,2204065,42,0,0.8942708331160247,0.9021096411161125
300982,5468064,1639843,192,0,0.0011111111380159855,0.003746921196579933
300983,6871954,2443158,140,0,0.6255439813248813,0.6689577894285321
300984,1358253,238391,41,0,0.1080787037499249,0.11894859932363033
300985,7035461,2490096,64,0,0.08457175921648741,0.09679539361968637
300986,1359405,238416,41,0,0.42067129630595446,0.4304378009401262
300987,2858295,806278,16,0,0.9138773148879409,0.9890163890086114
300988,7285082,2678585,280,0,0.3168518519960344,0.3303816202096641
300989,149709,25280,122,0,0.4130439814180136,0.42238707188516855
300990,207995,27569,44,1,0.45685185166075826,0.4980003470554948
300991,2577064,670808,125,0,0.18403935199603438,0.205076492857188
300992,2097688,473392,67,1,0.2879166668280959,0.5458706482313573
300993,5818621,1938096,42,0,0.9505092594772577,
300994,6923758,2462716,97,1,0.9181828703731298,1.4306707405485213
300995,6129475,2021509,42,0,0.4231712962500751,0.43051608791574836
300996,6127098,2021360,122,0,0.9485532408580184,1.0033684261143208
300997,553619,106541,138,0,0.08621527766808867,0.11586752301082015
300998,291753,52040,122,0,0.3695949073880911,0.4114898960106075
300999,2860753,807360,97,0,0.508946759160608,0.5271077314391732
301000,260380,32288,44,1,0.8044907408766448,1.047370370477438
301001,4355873,1235351,0,0,0.5254166666418314,0.5259404513053596
301002,3639109,1077395,95,0,0.007824074011296034,0.06915075238794088
301003,394145,84415,64,0,0.8287962963804603,0.8296637730672956
301004,545018,106484,97,0,0.086909722071141,0.14172475691884756
301005,7284205,2681105,193,0,0.7634490742348135,0.767136909533292
301006,121379,23711,122,0,0.719884259160608,0.7724838890135288
301007,559683,85286,65,0,0.28054398158565164,0.28828044002875686
301008,3610344,1072614,174,0,0.21843749983236194,0.46316930558532476
301009,6492147,2233407,41,0,0.5867708334699273,0.5967461573891342
301010,6550189,2237671,66,1,0.40172453690320253,0.4079950232990086
301011,3769254,1102069,65,0,0.8299537035636604,0.8365400810725987
301012,1529698,242107,42,0,0.3260763888247311,0.4647286804392934
301013,5976563,1972796,67,1,0.3191319443285465,1.2600290970876813
301014,1362368,238382,41,0,0.02453703712671995,0.034791319631040096
301015,1855307,355325,7,0,0.12540509272366762,0.13031726842746139
301016,559072,108823,67,1,0.4306944445706904,0.43474777787923813
301017,36356,9118,67,1,0.31835648138076067,1.291518148034811
301018,5523655,1662592,67,1,0.701863425783813,0.7660620487295091
301019,6558675,2240614,66,1,0.7453472223132849,0.7515751156024635
301020,5510068,1661226,136,0,0.02774305548518896,0.034011388663202524
301021,6282228,2063115,43,0,0.11561342608183622,0.12326821777969599
301022,518707,86167,66,0,0.2582060187123716,0.3182552200742066
301023,503648,98409,138,0,0.8365624998696148,0.9053839235566556
301024,5521133,1670851,174,0,0.33263888908550143,0.41593873826786876
301025,6461000,2209186,65,0,0.5241087963804603,1.0865439814515412
301026,3613338,1072570,64,0,0.7483912035822868,0.9365816088393331
301027,492885,96271,66,0,0.3687037038616836,0.3760712035000324
301028,2834834,796664,140,0,0.37592592602595687,0.4029835071414709
301029,6866999,2440387,67,0,0.35578703694045544,0.41668805573135614
301030,5817989,1938015,112,0,0.876273148227483,0.9330422105267644
301031,2874099,805516,20,0,0.2875231481157243,0.2883688542060554
301032,6298879,2073740,64,0,0.6128356480039656,0.6519732871092856
301033,2830811,795147,67,1,0.19591435184702277,0.20891420124098659
301034,7001329,2470964,112,0,0.8053819444030523,0.8363056713715196
301035,2470280,641201,41,0,0.5036921296268702,0.5139953126199543
301036,20493,6458,42,0,0.9057407407090068,1.1595625346526504
301037,2100865,474773,23,0,0.6186689813621342,0.9294084836728871
301038,3569196,1051036,116,0,0.05254629626870155,0.06273013912141323
301039,2830918,795187,20,0,0.2011111113242805,4.209039259236306
301040,7338269,2698051,42,0,0.693240740802139,0.7018768056295812
301041,2842446,799648,97,0,0.8367824074812233,0.8936363658867776
301042,2101521,475060,64,0,0.43035879638046026,0.4763416205532849
301043,555683,106430,67,1,0.0001736111007630825,0.00423333328217268
301044,2568972,670587,44,1,0.8046412034891546,0.8730798265896738
301045,5342742,1604265,67,1,0.31464120373129845,0.31857707165181637
301046,1295620,232315,193,0,0.5429282407276332,0.769541007000953
301047,4414846,1272664,64,0,0.8889583335258067,0.9521366320550442
